7074.899983
662.499895
669.000034
12173.799934
2586.800015
6576.599991
7137.100122
722.099996
1486.199994
751.300008
 105.100001
 44.200001
 485.799996
 488.200004
 37.000000
 125.200000
 407.099998
 249.000003
 648.300002
 2218.300004
 650.500009
 723.499998
 314.499999
 503.599995
 1347.000029
 1294.800000
 375.099996
 1149.300000
 1522.499995
 5639.699984
 4189.299981
 5906.300034
 5036.300004
 4679.900193
 1421.000003
 3014.299935
 3082.699978
 3497.499923
 3891.199968
 8081.300118
 7976.899986
 2605.800072
 3041.300000
 3721.600043
 3638.999961
 3567.999909
 1496.399975
 7983.799980
 6444.599968
 3945.099997
 2425.299956
 2916.100120
 1634.300006
 4186.200000
 4185.699968
 6308.499971
 1843.500012
 6023.900112
 3407.199996
 0.000000
 0.000000
 0.000000
 0.000000
 0.000000
 0.000000
 0.000000
 0.000000
 0.000000
 0.000000
 0.000000
 0.000000
 0.000000
 0.000000
 0.000000
 0.000000
 0.000000
 0.000000
 0.000000
 0.000000
 0.000000
 0.000000
 0.000000
 0.000000
 0.000000
 0.000000
 0.000000
 0.000000
 0.000000
 0.000000
610.599997
 114.799999
2187.900007
 1995.499995
725.399997
 1676.200014
 2480.700047
 4669.299953
 2187.900007
 0.000000
 2184.899984
 2122.700058
3602.200178
13602.200178
5855.500055
 37.000000
5892.500055
5892.500055
4579.700006
 0.000000
4579.700006
4525.900007
 11.000000
4536.900007
4474.100007
 1949.000038
6423.100045
1480.500031
 6188.500004
7669.000034
676.599955
5676.599955
2169.199970
 1868.199973
4037.399943
2298.199949
 567.299988
2865.499937
2855.499937
 1.000000
2856.499937
2856.499937
 1047.199923
3903.699860
3903.699860
3903.699860
 5758.800035
9662.499895
327.999893
8327.999893
5408.599891
 189.799998
5598.399889
5598.399889
2701.299994
 1555.599987
 0.000000
4256.899981
1995.499995
 0.000000
1995.499995
1995.499995
 0.000000
1995.499995
1995.499995
 0.000000
 1995.499995
  1995.499995
  0.000000
  1995.499995
 0.000000
 2122.700058
  1279.100025
  3401.800083
  3401.800083
  0.000000
  3401.800083
  3401.800083
  0.000000
  3401.800083
  3401.800083
  0.000000
  3401.800083
  3401.800083
  893.999994
  4295.800077
  1816.399995
  0.000000
  3527.499820
  5343.899814
  5343.899814
  4474.899983
  2600.000000
  7074.899983
4644.200054
  4644.200054
  3114.700030
  3250.000000
  6364.700030
  6364.700030
  6227.400031
  0.000000
  6227.400031
  6227.400031
  865.300007
  7092.700038
  6442.200029
  0.000000
  6442.200029
  6442.200029
  5933.800020
  1300.000000
  7233.800020
  7233.800020
  396.100035
  7629.900055
  7629.900055
  7306.100047
  468.000000
  7774.100047
  5651.399989
 2184.899984
  3170.699943
  3744.400073
  9100.000000
  6500.000000
  1556.699977
  8056.699977
 4942.600015
 3507.399985
  8450.000000
  8425.599999
  1991.899994
  10417.499994
  5748.200040
 2401.600011
  3560.300034
  5961.900044
  5490.600043
  251.299999
  5741.900042
  5741.900042
  4352.900026
  119.699998
  4472.600024
  3013.500004
  342.299994
  3355.799999
  3355.799999
  3355.799999
  557.299960
  3913.099959
  3106.099960
  0.000000
  3106.099960
  3106.099960
  253.699999
  3359.799959
  3359.799959
  1788.200006
  798.600009
  2586.800015
6522.199991
  6522.199991
  5485.699995
  1609.700016
  7095.400011
  4888.800041
  2288.800041
  420.499949
  2709.299991
  0.000000
  2709.299991
  2709.299991
  2709.299991
  228.299999
  2937.599990
  987.599990
  0.000000
  987.599990
  902.099990
  0.000000
  902.099990
  902.099990
  3250.000000
  4152.099990
  4152.099990
 2074.099914
  2479.400083
  2596.500003
  7150.000000
  7150.000000
  5627.000036
  168.799999
  5795.800035
  5795.800035
 7746.700124
 0.000000
  7746.700124
  7746.700124
  7300.700116
  1342.599818
  8643.299934
  8643.299934
 822.999981
  0.000000
  5115.800115
  5938.800095
  5938.800095
  3623.299949
  0.000000
  3623.299949
  3381.799949
  1168.200051
  4550.000000
  4550.000000
  1950.000000
  6500.000000
  6112.800138
  2337.199862
  8450.000000
  8450.000000
  8450.000000
  3438.299912
  2600.000000
  6038.299912
  0.000000
  6038.299912
  4552.199911
  2024.400080
  6576.599991
4983.599922
  4983.599922
  2383.599922
  2206.599970
  1963.099973
  4169.699943
  431.599998
  4601.299941
  4273.599944
  0.000000
  4273.599944
  4273.599944
  4157.899947
  1407.799998
  5565.699945
  4172.299950
  997.699997
  5169.999947
  5017.499949
  182.500051
  5200.000000
  5166.899999
  771.699921
  5938.599920
 1384.899998
  3638.899937
 7150.000000
  5023.799934
  12173.799934
10223.900094
  10223.900094
  8547.700080
  4803.300007
 2187.900007
 0.000000
  3524.199982
  5712.099988
  4447.100001
  175.899998
  4622.999999
  3577.699997
  225.799997
  3803.499994
  3803.499994
  868.900130
  4672.400125
  2600.000000
  0.000000
  2600.000000
  0.000000
  0.000000
  0.000000
  0.000000
  0.000000
  2125.400035
  5011.700088
  2125.400035
  7137.100122
 3703.300019
  407.099998
 62.799999
  3703.300019
  1754.299981
  123.900000
 37.000000
  125.200000
 53.800000
  37.000000
  71.400000
 10.000000
  26.000000
  61.400000
 1312.800049
  0.000000
 0.000000
  1312.800049
  1047.199923
 592.800002
  37.000000
 241.500001
  249.000003
  24.400001
  241.500001
  2055.699995
  2600.000000
  80.700000
  3466.199970
 4246.699983
 0.000000
  2705.799989
  2534.499998
  399.399998
 5853.499984
 0.000000
  25.000000
  4067.399981
  135.200001
 4954.599978
 0.000000
  5362.900025
  543.400009
 5814.499926
 0.000000
  1312.800049
  1270.499963
  2452.999992
  4550.000000
  1270.499963
  446.000008
  4550.000000
  1270.499963
  1522.999964
  3653.400189
  546.200000
 560.899996
 0.000000
  592.800002
  4283.300190
  95.000002
 3246.100172
 0.000000
  501.600003
  1459.100005
 501.600003
  488.200004
 1183.999997
  648.300002
  33.100001
  656.600013
  1137.999918
  0.000000
  0.000000
  0.000000
  0.000000
  0.000000
  0.000000
  0.000000
  467.499959
  135.200001
  467.499959
  135.200001
 0.000000
  467.499959
  135.200001
  0.000000
  467.499959
  135.200001
  467.499959
  135.200001
  467.499959
  135.200001
  887.199997
  543.400009
 0.000000
  887.199997
  543.400009
  0.000000
  887.199997
  543.400009
 2261.399986
  217.300003
  191.600006
  0.000000
  217.300003
  1085.600000
  268.899998
  95.000002
 2919.400002
  3297.600173
  1178.299998
  868.999831
  5746.400170
  3662.899997
  6500.000000
  3662.899997
  1183.999997
  593.600002
  54.700001
  471.300002
  893.999996
  373.599999
  323.800008
  893.999996
  308.599999
  1264.999987
  656.600013
  684.800004
  992.099939
  454.499979
  0.000000
  1819.899994
  992.099939
  0.000000
  1819.899994
  992.099939
 2946.399975
 0.000000
  467.499959
  1819.899994
  757.299982
 2954.599937
 3749.599966
 0.000000
 0.000000
  887.199997
  685.299999
 2835.099938
 0.000000
  217.300003
  3856.899968
  225.900005
  268.899998
  1886.099944
  3587.999971
  0.000000
  2315.500147
  1791.099943
  1338.099997
  0.000000
  1856.700116
  4588.099997
 8424.399992
 0.000000
  6500.000000
  1856.700116
  37.000000
 37.000000
  485.799996
  1389.000016
  290.000001
  54.700001
  152.499998
  1849.500035
  604.799984
  272.300002
  225.900005
  1559.300020
  0.000000
  450.800035
  0.000000
  396.100035
  0.000000
  610.600012
  0.000000
  0.000000
  650.000000
  0.000000
  195.500021
  1360.199988
  332.799963
  1045.300002
  1666.999984
  528.299984
  0.000000
  76.499999
  0.000000
  0.000000
  1153.099989
  0.000000
  28.200001
  657.099998
  272.300002
  0.000000
  0.000000
  254.100006
  0.000000
  0.000000
  0.000000
  0.000000
 1592.900049
  2218.300004
  1459.100019
  1592.900049
  1101.499979
  508.400009
  1592.900049
  1352.499973
  1559.300020
  1052.300052
  0.000000
  1797.500009
  0.000000
  0.000000
  610.600012
  0.000000
  805.799975
  1300.000000
  1360.199988
  650.000000
  1026.899982
  1069.700003
 2754.799967
 0.000000
  1126.300001
  1386.900040
  1300.000000
 5314.600031
 0.000000
  1393.399996
  1153.099989
  1294.599980
  0.000000
  2992.999908
  1294.599980
 1684.299984
 0.000000
  272.300002
  2992.999908
  302.699999
 2717.199916
 0.000000
  0.000000
  1496.399975
  0.000000
  0.000000
  2717.199916
  1496.399975
  241.500000
  2717.199916
  1254.899975
  85.500000
  1548.999864
  1169.399975
 8350.900106
 6533.099966
 0.000000
 0.000000
  1548.999864
  802.200005
 802.200005
  105.100001
  0.000000
  868.900130
  0.000000
 1797.500009
 0.000000
  2605.800072
  0.000000
 3591.100065
 0.000000
  1416.399987
  1300.000000
  913.499995
  1581.299995
  1254.500028
  650.000000
  465.199975
  1742.999984
  650.000000
  0.000000
  650.000000
  0.000000
  0.000000
  0.000000
  135.599998
  302.699999
  115.699997
  135.599998
  1594.800000
  2072.400125
  135.599998
  1594.800000
 557.299960
  650.500009
  0.000000
  557.299960
  650.500009
  650.500009
  0.000000
  0.000000
  0.000000
  0.000000
  0.000000
  0.000000
  0.000000
  0.000000
  1625.200018
  0.000000
  286.399978
  913.499995
  931.299995
  0.000000
  442.999984
  465.199975
  1092.999984
  0.000000
  0.000000
  650.000000
  0.000000
  0.000000
  0.000000
  0.000000
  2208.000123
  0.000000
  0.000000
  1594.800000
  0.000000
  0.000000
  126.200133
  0.000000
  0.000000
  0.000000
  2076.200133
  1950.000000
  0.000000
  2076.200133
 7148.299993
 0.000000
  1950.000000
  357.199995
  4506.199970
 357.199995
  44.200001
  126.200133
  0.000000
 823.100007
  723.499998
  806.999999
  823.100007
  61.800002
  0.000000
  968.400010
  133.200004
  0.000000
  174.500004
  133.200004
  0.000000
  174.500004
  133.200004
 1997.799975
 0.000000
  1911.599996
  174.500004
  1950.000000
  1087.900001
  1042.099979
  862.099999
  0.000000
  650.000000
  576.900004
  389.299998
  143.999997
  0.000000
  70.900002
  389.299998
  0.000000
 1823.100000
 0.000000
  2208.000123
  70.900002
  1026.499994
  2600.000000
  228.299999
  1026.499994
  327.699997
  126.200133
  2828.299999
  572.599864
  0.000000
  387.199862
  2828.299999
  185.400002
  0.000000
  491.100137
  185.400002
 4368.799969
 0.000000
  5396.699857
  262.800138
  335.700003
335.700003
  1486.199994
 479.099993
  314.499999
  0.000000
  479.099993
  314.499999
  137.299999
  225.399994
  177.199999
  225.399994
  177.199999
  0.000000
  225.399994
  43.100000
  134.099999
 720.300009
 0.000000
  225.399994
  650.000000
  1910.599954
  0.000000
  685.799999
  650.000000
  0.000000
  177.199999
  685.799999
  716.700006
  265.800000
  0.000000
  807.600002
  488.500009
  228.199998
 1888.600126
 0.000000
  732.500003
  0.000000
  1603.000007
  0.000000
  372.300001
  966.099999
  2371.100001
  0.000000
  2743.400002
  1732.400021
  0.000000
  1384.299989
  4764.000020
  2600.000000
  1384.299989
  4117.599995
 4034.999998
 0.000000
  3337.899965
  497.099996
  1557.000013
497.099996
  751.300008
  2600.000000
  372.400000
  17.000000
 6087.099987
  503.599995
  6087.099987
  503.599995
  1571.599952
  6087.099987
  868.900001
  1529.500024
  7225.399937
  1672.500012
 1806.600011
 0.000000
  0.000000
  6308.499971
 6236.599975
 0.000000
  352.100002
  918.300007
  948.000002
  0.000000
  3353.899991
  918.300007
  243.900006
  3353.899991
  1969.200002
  1111.900007
  75.099998
  4199.999998
  1950.000000
  247.399999
 3901.000003
 0.000000
  1729.000120
  3900.000000
  1196.199996
 6328.000103
 0.000000
  966.099999
  3045.099992
  387.899997
  1486.100001
  3426.300099
  2037.899984
  1036.499996
  1880.800013
  1044.199987
  1432.399987
  313.899996
  37.000000
37.000000
  722.099996
 948.000002
  1347.000029
 1111.900007
  1294.800000
 247.399999
  375.099996
 1196.199996
  1149.300000
 387.899997
  1522.499995

