7074.9000000000015 
9662.5000000000073 
7668.9999999999927 
12173.799999999996 
2586.7999999999956 
6576.5999999999913 
7137.1000000000204 
722.1000000000422  
1187.0329436508764 
1050.4670563491454 
69.200000000018917 
80.100000000013097 
485.80000000003929 
488.20000000001164 
37 	1.00000000
125.20000000004075 
407.10000000004948 
249 	1.00000067
648.30000000002474 
2185.8000000000175 
683.00000000000728 
746.90000000000873 
291.09999999999127 
503.60000000003492 
1396.5000000000073 
1245.3000000000247 
619.79999999999563 
904.6000000000131  
1522.5000000000073 
203.10000000002037 
172.80000000001019 
4694.900000000016  
3859.3000000000247 
2660 	0.14911273
315 	0.14906833
314.20000000001892 
233.50000000000728 
1486.400000000016  
596.80000000000291 
718.30000000001019 
426.50000000000728 
1804.7000000000116 
1130.8000000000175 
1563.5000000000073 
2075.3000000000029 
1395.1999999999971 
662.70000000001164 
803.09999999999854 
980.09999999999854 
3909.6999999999971 
1412.5000000000146 
1529.1999999999971 
435.30000000000291 
615.60000000002037 
317.20000000001164 
222.90000000003056 
114.69999999999709 
350.10000000000582 
1161.6999999999825 
18.30000000000291  
24.19999999999709  
34.099999999998545 
13.30000000000291  
342.5 	1.00000242
55.30000000000291  
387.80567665808485 
252.20000000001164 
5.6000000000058208 
12.099999999998545 
229.20000000001164 
32.200000000004366 
0 	1 	; 
0 	1 	; 
320 	1.00000184
736.30000000000291 
143.10000000000582 
0 	0.94015151
107.20000000000437 
17.400000000001455 
81.80000000000291  
95.5 	1.00000001
288.60000000000582 
275 	1.00000100
20.80000000000291  
0 	1 	; 
2771.5587485227734 
956.13126642720454 
1892.6874961027133 
923.30000000000291 
1861.3000000000102 
481.70000000001892 
2691.3533459623068 
4415.8000000000102 
2343.0000000000291 
1287.7999999999956 
2256.7312664271958 
3788.2999999999956 
3371.2533459623228 
985.40000000000146 
2013.2000000000262 
3020.3022480553773 
13602.200000000026 
13602.200000000026 
6620.4551872567099 
162.10000000002765 
6782.5551872567376 
6782.5551872567376 
5550.2551872567346 
0 	0.5 	; 
5550.2551872567346 
5445.1551872567143 
735.5 	0.50209074
6180.6551872567143 
6023.8551872566968 
2419.4471844827494 
8443.3023717394462 
2232.5 	0.46946456
5436.4999999999927 
7668.9999999999927 
5676.6000000000349 
5676.6000000000349 
1761.8000000000102 
3073.8920752866106 
4835.6920752866208 
4565.0920752865859 
1227.2000000000044 
5792.2920752865903 
4571.2920752865757 
56.599999999998545 
4627.8920752865743 
4627.8920752865743 
942.09999999999854 
5569.9920752865728 
5569.9920752865728 
4999.2920752865684 
4663.2079247134388 
9662.5000000000073 
8328.0000000000146 
8328.0000000000146 
7777.3000000000175 
726.50000000004366 
8503.8000000000611 
8503.8000000000611 
4198.4469515390592 
1837.2000000000116 
684.24481274330174 
6719.8917642823726 
4821.7448127433308 
0 	0.5 	; 
4821.7448127433308 
3992.4448127433207 
1925.0999999999985 
5917.5448127433192 
5917.5448127433192 
0 	0.5 	; 
5917.5448127433192 
5401.2000000000116 
0 	0.5 	; 
5401.2000000000116 
679.90000000001601 
3020.3022480553773 
2831.8000000000029 
6532.0022480553962 
6532.0022480553962 
287.80000000000291 
6819.8022480553991 
6284.5178918675301 
0 	0.5 	; 
6284.5178918675301 
4138.7079247134607 
811.79999999999563 
4950.5079247134563 
4950.5079247134563 
187.80000000000291 
5138.3079247134592 
3492.6000000000276 
1668.2000000000044 
2688.2000000000044 
7849.0000000000364 
7849.0000000000364 
6819.4000000000015 
255.5 	0.50003044
7074.9000000000015 
4644.2000000000044 
4644.2000000000044 
3210.5000000000073 
3562.0312664272133 
6772.5312664272205 
6772.5312664272205 
6732.8312664272235 
0 	0.5 	; 
6732.8312664272235 
6732.8312664272235 
885.80000000000291 
7618.6312664272264 
6981.3312664272235 
0 	0.5 	; 
6981.3312664272235 
6981.3312664272235 
6155.4312664272293 
1491.8222969140552 
7647.2535633412845 
7310.2535633412772 
1008.2777030859652 
8318.5312664272424 
8318.5312664272424 
7965.8255897691488 
499.5 	0.50044474
8465.3255897691488 
5445.0233417137715 
2998.6000000000276 
3188.2920752865757 
2512.0000000000073 
8698.8920752866106 
8436.692075286599  
73.700000000004366 
8510.3920752866034 
6210.8023717394462 
3914.8000000000247 
10125.602371739471 
10069.402371739474 
311.40000000003783 
10380.802371739512 
6592.5023717395161 
3630.8000000000247 
3221.2490257771933 
6852.049025777218  
6335.4490257771977 
112.40000000001601 
6447.8490257772137 
6447.8490257772137 
5208.949025777205  
222.20000000001164 
5431.1490257772166 
3628.9490257771977 
334.69999999999709 
3963.6490257771948 
3963.6490257771948 
3963.6490257771948 
578.20000000001892 
4541.8490257772137 
3203.7000000000626 
0 	0.5 	; 
3203.7000000000626 
3203.7000000000626 
191.50000000001455 
3395.2000000000771 
3395.2000000000771 
1832.0999999999985 
754.69999999999709 
2586.7999999999956 
6522.2000000000189 
6522.2000000000189 
5835.9000000000233 
2133.5874961027585 
7969.4874961027817 
4449.1874961027497 
3488.3874961027395 
1695.4000000000087 
5183.7874961027483 
373.41250389728521 
5557.2000000000335 
5557.2000000000335 
5557.2000000000335 
870.00000000001455 
6427.200000000048  
5863.6000000000349 
0 	0.5 	; 
5863.6000000000349 
5418.6000000000276 
852.10000000002037 
6270.700000000048  
6000.3000000000466 
756.69999999998981 
6757.0000000000364 
6757.0000000000364 
1559.153048460983  
1632.107924713433  
3251.6000000000204 
6442.8609731744364 
6442.8609731744364 
4630.9079247134578 
194.40000000000873 
4825.3079247134665 
4825.3079247134665 
6981.7448127433163 
570.70000000000437 
7552.4448127433207 
7552.4448127433207 
6804.1448127433177 
2664.1999999999971 
9468.3448127433148 
9468.3448127433148 
2746.2000000000189 
13.599999999998545 
6095.9000000000087 
8855.7000000000262 
8855.7000000000262 
8481.5000000000218 
244.60000000000582 
8726.1000000000276 
7816.6000000000276 
836.60000000000582 
8653.2000000000335 
8653.2000000000335 
452.70000000000437 
9105.9000000000378 
7432.0000000000291 
0 	0.5 	; 
7432.0000000000291 
7432.0000000000291 
6805.0000000000073 
3954.9999999999927 
647.64252276431944 
4602.6425227643122 
3293.4000000000087 
7896.0425227643209 
5499.5425227643063 
1077.0574772356849 
6576.5999999999913 
4983.6000000000204 
4983.6000000000204 
3779.7000000000189 
3520.300000000032  
2084.3000000000102 
5604.6000000000422 
469.80000000001746 
6074.4000000000597 
5393.5000000000582 
0 	0.5 	; 
5393.5000000000582 
5393.5000000000582 
5210.2000000000626 
617.90000000000146 
5828.100000000064  
4465.4000000000451 
1387.400000000016  
5852.8000000000611 
5766.1000000000568 
144.66873357279837 
5910.7687335728551 
5840.8687335728464 
228.30000000000291 
6069.1687335728493 
2554.5 	0.33365783
3574.2687335728042 
6045.0312664271914 
6128.7687335728042 
12173.799999999996 
10223.900000000009 
10223.900000000009 
8936.1000000000131 
6424.1000000000058 
2691.3533459623068 
0 	0.33333333
3592.3000000000029 
6283.6533459623097 
5567.4000000000306 
469.10000000002037 
6036.5000000000509 
5357.5000000000509 
411.20000000000437 
5768.7000000000553 
5402.4000000000524 
1872.6999999999898 
7275.1000000000422 
6033.2000000000335 
0 	0.5 	; 
6033.2000000000335 
5541.6670563491571 
464.29999999999563 
6005.9670563491527 
5689.5000000000146 
2396.1000000000058 
1891 	0.59135605
2850.0000000000146 
4287.1000000000058 
7137.1000000000204 
3703.3000000000393 
407.10000000004948 
156.80000000001746 
3703.3000000000393 
250.30000000003201 
270.60000000003492 
1283.8528155172899 
9.5 	1.92007575
37 	1.00000000
125.20000000004075 
105.10000000002037 
37 	2.00000000
793.90000000002328 
1221.0000000000146 
75.30000000000291  
799.30000000001019 
1232.3000000000029 
0 	0.5 	; 
0 	0.5 	; 
1232.3000000000029 
942.09999999999854 
592.80000000000291 
37 	2.00000000
241.50000000002183 
249 	2.00000135
56.19999999999709  
241.50000000002183 
322.90000000002328 
262.20000000001164 
60.200000000004366 
188.10000000002037 
340.30000000003201 
24.19999999999709  
86.4528155172884   
113.90000000000873 
76.700000000011642 
306.80000000000291 
18.30000000000291  
1245.1000000000058 
1412.2000000000044 
921.3843561878748  
4077.2999999999956 
13.30000000000291  
2330.8843561878748 
2534.7156438121456 
4303.3999999999942 
34.099999999998545 
1232.3000000000029 
550.55304846098443 
2089.7469515390403 
3178.0999999999913 
550.55304846098443 
748.30000000000291 
3178.0999999999913 
550.55304846098443 
1811.9530484609786 
1262.1999999999971 
454.00000000001455 
302.30000000001019 
55.30000000000291  
592.80000000000291 
2783.1999999999971 
56.400000000001455 
378.80000000003201 
342.5 	1.00000242
501.60000000003492 
615.00000000000728 
501.60000000003492 
488.20000000001164 
1184.0000000000291 
648.30000000002474 
69.900000000008731 
222.55281551729422 
235.10000000000582 
516.34481274330756 
0 	0.5 	; 
0 	0.5 	; 
516.34481274330756 
287.80000000000291 
516.34481274330756 
287.80000000000291 
576.59999999999854 
921.3843561878748  
576.59999999999854 
921.3843561878748  
0 	0.5 	; 
576.59999999999854 
921.3843561878748  
535.28435618786898 
576.59999999999854 
386.10000000000582 
576.59999999999854 
386.10000000000582 
576.59999999999854 
386.10000000000582 
2815 	1.73912937
2534.7156438121456 
829.30000000001019 
2815 	0.72805217
2687.0156438121412 
2145.8099671540695 
1871.5000000000073 
1698.5 	1.22186704
1898.1469515390418 
217.30000000000291 
191.59999999999854 
0 	0.5 	; 
217.30000000000291 
379.40000000000146 
296.5 	2.00000272
56.400000000001455 
550.69999999999709 
979.40000000005966 
335.20000000001164 
1029.6000000000349 
523.80000000001746 
310.70000000000437 
1273.4000000000451 
310.70000000000437 
1184.0000000000291 
610.40000000002328 
37.900000000001455 
516.60000000002037 
894.00000000001455 
206.20000000001892 
352.70567665809358 
894.00000000001455 
124.40000000001601 
716.25334596227913 
222.55281551729422 
665.40567665810522 
185.20000000001892 
222.44225269302842 
516.34481274330756 
455.44792935112491 
185.20000000001892 
239.6577473069774  
407.3056766580994  
185.20000000001892 
207.30000000001019 
252.20000000001164 
576.59999999999854 
407.3056766580994  
668.30000000001019 
144.40000000000873 
840.80000000001019 
387.80567665808485 
12.099999999998545 
2216.9943233419399 
1669.1999999999971 
438.40000000000873 
5.6000000000058208 
217.30000000000291 
737.69999999999709 
251 	0.27992443
296.5 	1.85985102
248.70000000001164 
558.5 	0.72008811
0 	3.27992424
374.20000000000437 
296.70000000001164 
194.29999999999563 
270.40000000000146 
62.100000000005821 
856.09999999999127 
1019.8999999999942 
32.200000000004366 
1273.4000000000451 
237.6000000000131  
37 	2.00000000
37 	1.00000000
485.80000000003929 
1238.9000000000087 
290.00000000001455 
37.900000000001455 
86.700000000004366 
838.40000000000146 
726.26873357280419 
413 	0.27992567
251 	2.72007766
1306.7000000000116 
0 	0.77992424
1046.1777030859666 
337.00000000000728 
1008.2777030859652 
0 	1.64015151
727.8061614795588  
337.00000000000728 
0 	2.57992424
336.50570108256215 
516.34481274330756 
451.06344838954101 
471.59999999999854 
398.29429891744803 
679 	0.50151862
838.40000000000146 
609.70000000001164 
0 	1.14015151
453.56873357279983 
0 	1.14015151
0 	1 	; 
1595.0999999999985 
0 	0.85984848
890.20000000000437 
1635.1999999999971 
413 	2.72008971
10.200000000004366 
722.40000000000146 
273.40000000000146 
12.900000000001455 
10.200000000004366 
0 	0.72007575
722.40000000000146 
1626.7000000000189 
2185.8000000000175 
1802.2000000000189 
1626.7000000000189 
718.29999999999563 
825.89999999999418 
1626.7000000000189 
776.22229691403481 
1306.7000000000116 
1018.6999999999971 
437.49999999999272 
1379.1000000000058 
774.39999999999418 
437.49999999999272 
727.8061614795588  
774.39999999999418 
786.58588456565485 
381.89816688701103 
987.9448127433061  
819.79246580444305 
923.11010490336048 
447.51778247898619 
1191.0999999999985 
736.30000000000291 
971.60000000000582 
869.01594936598121 
723.15278420682444 
3156.4999999999854 
320 	1.00000184
1362.7000000000189 
2441.0999999999985 
392.5 	0.42007751
628.30000000000291 
962.60000000000582 
392.5 	1.92008379
803.59999999999854 
0 	0.92007575
267.59999999999854 
962.60000000000582 
350.89999999999418 
591.40000000000873 
143.10000000000582 
12.900000000001455 
649.80000000001019 
0 	2.07992424
10.200000000004366 
734.50000000001455 
1372.2000000000116 
909.5 	0.50488857
744.70000000001892 
1516.1000000000131 
445.00000000000728 
961.50000000001455 
1981.5000000000291 
842 	0.14906876
577.30000000001019 
229.20000000001164 
17.400000000001455 
1019.8000000000175 
734.00000000002183 
734.00000000002183 
69.200000000018917 
366.30000000000291 
1504.2999999999811 
875.10000000000582 
1379.0000000000073 
0 	1 	; 
1545.2000000000116 
270.59999999999854 
1298.0000000000218 
0 	1 	; 
1076.8920460452209 
599.21411543435534 
413.30570108255779 
1124.4690330810117 
811.10753419556568 
411.48989509664534 
398.29429891744803 
1230.9898950966453 
761.88405063402752 
74.30000000000291  
613.36873357280274 
244.69999999999709 
652.10000000000582 
336.30000000000291 
180.49999999999272 
350.89999999999418 
183.29999999999563 
180.49999999999272 
785.5 	1.07999676
1241.9000000000087 
180.49999999999272 
785.5 	0.27994304
523.50000000001455 
683.00000000000728 
0 	0.5 	; 
523.50000000001455 
765.80000000001019 
637.30000000000291 
28.099999999998545 
188.00000000000728 
11 	1.72007575
87.599999999998545 
116.60000000000582 
342 	2.00000482
87.599999999998545 
116.60000000000582 
1063.6061614795617 
87.599999999998545 
587.32411298276566 
688.13923715051351 
936.74481274330174 
362.43353606795426 
513.21180779861606 
263.96076284949231 
893.80000000000291 
228.09999999999854 
312.23248188481375 
574.96873357280128 
283.69999999999709 
189.69999999999709 
347.11465460631007 
362.0853453936943  
1422.4000000000015 
189.69999999999709 
287.30000000000291 
691.41465460631298 
0 	2.07992424
408.69999999999709 
287.30000000000291 
0 	1.72007575
0 	0.5 	; 
408.69999999999709 
740.00000000000728 
563.6000000000131  
408.69999999999709 
740.00000000000728 
458.90000000000873 
107.20000000000437 
972.30000000001019 
425.40000000000146 
71.700000000004366 
425.40000000000146 
80.100000000013097 
0 	1.72007575
0 	0.27992424
1110.7000000000044 
746.90000000000873 
1338.1490257771511 
1110.7000000000044 
85.200000000004366 
0 	0.5 	; 
1787.1490257771511 
200.30000000000291 
11 	2.00000000
1016.4490257771467 
282.80000000000291 
259.5 	2.27992606
1016.4490257771467 
282.80000000000291 
1355.4000000000015 
95.5 	1.00000001
1534.3302744623215 
1016.4490257771467 
1782.5206997605419 
862.63250755915215 
821.76076284949522 
919.88819220138976 
0 	2 	; 
692.8206740862006  
557.80000000000291 
689.36751811519207 
574.96873357280128 
344.36751811518479 
557.80000000000291 
689.38534539369721 
301.40000000000146 
851.80000000001019 
275 	1.00000100
1049.5000000000073 
557.80000000000291 
1288.3000000000029 
491.5329436508764  
823.80000000001019 
1288.3000000000029 
680.90000000000146 
0 	0.27992424
851.03294365089096 
607.40000000000146 
0 	2 	; 
1673.9000000000087 
851.03294365089096 
0 	0.5 	; 
0 	0.5 	; 
1917.5329436508982 
545.10000000000582 
400.00000000000728 
0 	1 	; 
217.90000000000873 
1592.6329436508895 
229.70000000000437 
229.70000000000437 
1187.0329436508764 
191.50000000001455 
291.09999999999127 
0 	0.5 	; 
191.50000000001455 
291.09999999999127 
39.69999999999709  
0 	0.5 	; 
251.39999999999418 
0 	0.57992424
251.39999999999418 
11 	2.27992424
0 	0.42007575
270.49999999999272 
2490.9412514772266 
314.49999999999272 
81.80000000000291  
2128.2412514772295 
689.52019826131436 
307.45830829423357 
0 	2 	; 
1548.7995597714544 
713.00000000000728 
40.000440228548541 
462.30000000000291 
1588.8000000000029 
1045.572597964092  
955.40618139084108 
283.69999999999709 
1969.2374478180427 
926.0707452282295  
457.52925477179815 
274 	0.14906832
288.60000000000582 
1878.6374478180442 
965.20000000004075 
811.84580130744143 
0 	2 	; 
1864.2125038972881 
965.20000000004075 
182.70000000000437 
316.46705634913815 
2046.9125038972925 
1731.5000000000437 
627.00000000002183 
1238.6795602464335 
2221.9425227643587 
960.80000000001019 
1238.6795602464335 
1574.5425227643573 
564.70000000002619 
20.80000000000291  
1178.6670563491571 
603.10000000002037 
610.84252276431653 
603.10000000002037 
1050.4670563491454 
1203.9000000000015 
35.900000000008731 
2 	2.00000000
6087.0999999999913 
503.60000000003492 
6087.0999999999913 
503.60000000003492 
1563.1000000000786 
6087.0999999999913 
737.30000000000291 
1433.6999999999971 
7129.2000000000407 
1205.2312664272104 
132.40000000000873 
956.13126642720454 
133.29999999999563 
5468.800000000032  
96.400000000016007 
2771.5587485227734 
194.22019826131145 
691.67980173869728 
570.93126642720017 
23.479801738692913 
1550.0004402285558 
668.20000000000437 
794.87259796408762 
1510.0000000000073 
1118.6274020359415 
1488.9687335728086 
410.92740203592984 
2043.5625521819748 
1030.129254771804  
509.40000000000146 
616.10000000000582 
923.30000000000291 
717.70000000001164 
1798.0625521819748 
934.19999999998254 
1693.6000000000276 
1892.6874961027133 
0 	2.57992424
3154.1999999999825 
387.90000000003783 
2396.5000000000146 
3338.1874961027643 
1219.7574772356747 
686.29999999999563 
2723.1874961027861 
594.25747723568202 
630.95747723569366 
650.40000000003056 
37 	2.00000000
37 	1.00000000
722.1000000000422  
570.93126642720017 
1396.5000000000073 
1488.9687335728086 
1245.3000000000247 
509.40000000000146 
619.79999999999563 
934.19999999998254 
904.6000000000131  
387.90000000003783 
1522.5000000000073 
