# id x y
217 0.82394 1.65658
201 0.974312 1.85107
202 1.15575 1.93495
218 1.09672 1.54225
209 1.37634 1.56648
219 1.72493 1.42294
223 2.02816 1.41673
203 1.28811 1.19366
204 1.54535 1.10232
210 1.7821 1.03583
211 2.04804 0.994818
220 1.02278 0.927088
212 1.43848 0.812134
213 1.68019 0.817105
205 1.91445 0.707744
214 0.248549 1.05198
215 0.326221 1.36951
221 0.84631 1.23405
206 0.661762 0.649956
222 0.839475 0.85998
207 0.608324 1.06193
208 1.4826 0.306958
216 1.66217 0.280239
0 1.54784 1.25393
1 1.86101 1.22597
2 1.66466 1.25331
3 1.55343 1.26946
4 1.80447 1.21789
5 1.24523 1.52112
6 1.19863 1.62489
7 1.08119 1.89084
8 1.0613 1.88214
9 1.01097 1.99585
10 1.01408 2.03686
11 0.995439 2.02692
12 1.14208 1.75351
13 1.11101 1.82373
14 1.12158 1.74481
15 1.22597 1.50248
16 1.02029 2.02692
17 1.00103 2.01698
18 1.30178 1.30613
19 1.29743 1.33036
20 1.30115 1.29121
21 1.22659 1.07063
22 1.24647 1.06565
23 1.26387 1.4652
24 1.27506 1.48384
25 1.24088 1.46271
26 1.27941 1.30923
27 1.28127 1.2937
28 1.19614 0.950079
29 1.21603 0.944487
30 2.11018 1.19117
31 2.10832 1.17502
32 2.15368 1.18434
33 1.99461 1.19055
34 1.13835 0.712093
35 1.17937 0.794736
36 1.15948 0.807163
37 1.27816 1.19179
38 1.2763 1.18434
39 1.09299 1.33657
40 0.730113 1.38815
41 0.969963 1.33844
42 0.722656 1.37386
43 0.721414 1.39001
44 1.81689 0.810891
45 1.82062 0.817105
46 1.61308 1.05696
47 1.45712 1.10045
48 1.77713 0.868058
49 1.89705 0.730113
50 1.67895 1.01284
51 1.60998 1.04639
52 1.67584 1.00165
53 1.90824 0.705879
54 1.91569 0.699044
55 1.70505 0.954429
56 1.71685 0.951943
57 1.70878 0.964992
58 1.51863 1.07187
59 1.19925 2.11142
60 1.1396 2.08719
61 1.13587 2.09651
62 1.37075 0.231772
63 1.27879 0.272783
64 0.744405 1.45774
65 0.731977 1.46085
66 0.722656 1.40803
67 0.774852 1.45153
68 1.35149 0.748133
69 1.24026 0.777959
70 1.35211 0.905961
71 1.42543 1.02154
72 1.98591 0.645606
73 1.99088 0.654305
74 1.80944 0.924603
75 1.59941 0.28956
76 1.7299 0.254141
77 1.91631 0.983633
78 1.83678 0.342998
79 1.58139 0.294531
80 1.56897 0.254141
81 1.88338 0.408242
82 1.82497 0.210645
83 1.83926 0.308822
84 1.76346 0.955671
85 1.76905 0.0385251
86 1.58947 0.234258
87 1.86225 0.889806
88 1.96354 0.391465
89 1.54038 0.305094
90 1.50807 0.31255
91 1.82932 0
92 1.52609 0.296395
93 1.56027 0.142916
94 1.80447 0.130488
95 1.49129 0.17647
96 1.42791 0.378416
97 1.43599 0.415698
98 1.08865 0.582226
99 1.59258 0.981769
100 1.57642 0.920874
101 1.50621 0.666733
102 1.53417 0.769259
103 1.55281 0.835746
104 1.61122 0.813377
105 1.53603 0.994818
106 1.97534 0.451117
107 2.13069 0.788522
108 2.07911 0.81462
109 2.05177 0.76491
110 2.16921 0.98674
111 2.10956 0.872407
112 1.64167 1.58761
113 1.50062 1.62613
114 1.6193 1.51118
115 1.60625 1.46333
116 1.32415 1.6746
117 1.58761 1.39747
118 1.9393 1.0234
119 2.20214 1.0495
120 1.97162 1.08181
121 2.09092 1.06503
122 2.02008 1.07497
123 0.147887 1.49875
124 0.139809 1.48384
125 0.166528 1.47203
126 0.138566 1.28065
127 0.180819 1.44842
128 0.169013 1.413
129 0.206917 1.44034
130 0.236743 1.4683
131 0.216859 1.49316
132 0.195732 1.49875
133 0.233015 1.44966
134 0.173363 1.48881
135 0.907826 1.81441
136 0.970584 1.68019
137 1.01532 1.86163
138 1.07249 1.72431
139 1.02837 1.70443
140 0.152236 1.00725
141 0.146023 0.993575
142 0.282103 0.896641
143 0.28956 0.915282
144 0.0602732 1.09859
145 0.0484671 1.1309
146 0.0298259 1.12344
147 0.0248549 1.10915
148 0.036661 1.11971
149 0.304473 0.980526
150 0.878 1.87841
151 0.894777 1.96167
152 0.851902 1.9393
153 0.84631 1.94987
154 0.789765 1.92066
155 0.600246 0.953186
156 0.91901 1.98653
157 0.729492 1.87592
158 0.723899 1.88649
159 0.393329 1.44096
160 0.391465 1.42605
161 0.551779 1.41673
162 0.345483 1.19179
163 1.11971 1.09672
164 1.02154 1.11909
165 0.328706 1.09983
166 0.935166 1.07746
167 1.10977 0.343619
168 1.0029 0.388979
169 0.638771 0.621994
170 0.484671 0.789765
171 0.643742 0.605838
172 1.0495 0.367853
173 0.854388 0.475972
174 0.47535 0.779201
175 0.851281 0.469136
176 0.655548 1.06938
177 0.689724 1.15948
178 0.603974 0.961264
179 0.504555 1.21416
180 0.354804 1.2384
181 0.536866 1.25952
182 0.839475 1.02651
183 0.50704 1.21727
184 0.714579 1.32166
185 0.756832 1.14519
186 0.73322 1.12158
187 0.749997 1.13835
188 0.667976 1.85542
189 0.567935 1.64477
190 0.540594 0.857494
191 1.26139 1.80633
192 1.20111 1.94614
193 1.28935 1.74171
194 1.23094 1.87717
195 1.31482 1.67646
196 1.78148 0.750618
197 1.477 0.560478
198 2.19904 1.16197
199 2.0176 1.64602
200 0 1.06193
