# id node_number1 node_number2 value 
1 217 201    9.920000   
2 217 202    21.410000  
3 217 218    14.430000  
4 217 209    53.050000  
5 217 219    33.070000  
6 217 223    32.220000  
7 217 203    4.390000   
8 217 204    3.510000   
9 217 210    5.280000   
10 217 211   6.290000   
11 217 220   4.050000   
12 217 212   9.850000   
13 217 213   3.730000   
14 217 205   5.470000   
15 217 214   4.970000   
16 217 215   4.280000   
17 217 221   4.720000   
18 217 206   3.420000   
19 217 222   1.360000   
20 217 207   3.930000   
21 217 208   5.010000   
22 217 216   5.190000   
23 201 217   9.230000   
24 201 202   12.600000  
25 201 218   13.150000  
26 201 209   34.870000  
27 201 219   30.070000  
28 201 223   23.800000  
29 201 203   4.540000   
30 201 204   2.210000   
31 201 210   4.980000   
32 201 211   3.930000   
33 201 220   3.880000   
34 201 212   6.680000   
35 201 213   3.450000   
36 201 205   3.870000   
37 201 214   4.380000   
38 201 215   3.280000   
39 201 221   5.290000   
40 201 206   3.110000   
41 201 222   1.400000   
42 201 207   3.080000   
43 201 208   5.010000   
44 201 216   3.370000   
45 202 217   19.840000  
46 202 201   12.500000  
47 202 218   20.360000  
48 202 209   62.530000  
49 202 219   42.450000  
50 202 223   47.320000  
51 202 203   6.250000   
52 202 204   4.600000   
53 202 210   6.610000   
54 202 211   8.510000   
55 202 220   5.010000   
56 202 212   13.340000  
57 202 213   4.520000   
58 202 205   7.800000   
59 202 214   5.640000   
60 202 215   6.420000   
61 202 221   7.690000   
62 202 206   5.270000   
63 202 222   2.060000   
64 202 207   5.880000   
65 202 208   7.330000   
66 202 216   6.760000   
67 218 217   14.180000  
68 218 201   13.880000  
69 218 202   21.700000  
70 218 209   45.400000  
71 218 219   39.080000  
72 218 223   36.910000  
73 218 203   4.850000   
74 218 204   3.030000   
75 218 210   8.000000   
76 218 211   6.640000   
77 218 220   5.080000   
78 218 212   10.650000  
79 218 213   5.650000   
80 218 205   6.170000   
81 218 214   6.480000   
82 218 215   4.980000   
83 218 221   6.580000   
84 218 206   4.070000   
85 218 222   1.740000   
86 218 207   4.130000   
87 218 208   7.470000   
88 218 216   5.670000   
89 209 217   50.830000  
90 209 201   35.890000  
91 209 202   64.720000  
92 209 218   44.140000  
93 209 219   75.830000  
94 209 223   104.930000 
95 209 203   10.890000  
96 209 204   8.640000   
97 209 210   15.810000  
98 209 211   22.600000  
99 209 220   12.150000  
100 209 212  32.090000  
101 209 213  12.500000  
102 209 205  20.400000  
103 209 214  13.090000  
104 209 215  14.430000  
105 209 221  16.570000  
106 209 206  11.880000  
107 209 222  4.650000   
108 209 207  13.680000  
109 209 208  19.010000  
110 209 216  18.300000  
111 219 217  31.400000  
112 219 201  30.690000  
113 219 202  43.730000  
114 219 218  37.780000  
115 219 209  75.300000  
116 219 223  41.390000  
117 219 203  8.260000   
118 219 204  3.900000   
119 219 210  9.310000   
120 219 211  9.120000   
121 219 220  8.980000   
122 219 212  15.370000  
123 219 213  7.940000   
124 219 205  10.550000  
125 219 214  8.450000   
126 219 215  6.230000   
127 219 221  13.660000  
128 219 206  6.390000   
129 219 222  2.960000   
130 219 207  6.340000   
131 219 208  13.380000  
132 219 216  9.790000   
133 223 217  31.630000  
134 223 201  25.120000  
135 223 202  50.160000  
136 223 218  36.830000  
137 223 209  107.530000 
138 223 219  42.770000  
139 223 203  8.460000   
140 223 204  5.470000   
141 223 210  8.190000   
142 223 211  10.150000  
143 223 220  6.970000   
144 223 212  19.690000  
145 223 213  6.910000   
146 223 205  11.490000  
147 223 214  5.900000   
148 223 215  6.620000   
149 223 221  10.240000  
150 223 206  5.500000   
151 223 222  2.240000   
152 223 207  6.610000   
153 223 208  10.700000  
154 223 216  11.340000  
155 203 217  5.090000   
156 203 201  4.090000   
157 203 202  8.080000   
158 203 218  4.140000   
159 203 209  13.420000  
160 203 219  7.290000   
161 203 223  10.050000  
162 203 204  16.950000  
163 203 210  36.740000  
164 203 211  52.120000  
165 203 220  22.940000  
166 203 212  51.110000  
167 203 213  26.340000  
168 203 205  44.530000  
169 203 214  33.820000  
170 203 215  33.260000  
171 203 221  37.930000  
172 203 206  21.890000  
173 203 222  6.940000   
174 203 207  27.230000  
175 203 208  40.590000  
176 203 216  43.590000  
177 204 217  2.600000   
178 204 201  2.780000   
179 204 202  3.680000   
180 204 218  3.440000   
181 204 209  6.670000   
182 204 219  4.700000   
183 204 223  4.130000   
184 204 203  16.330000  
185 204 210  18.770000  
186 204 211  23.760000  
187 204 220  17.240000  
188 204 212  28.440000  
189 204 213  14.430000  
190 204 205  22.000000  
191 204 214  20.970000  
192 204 215  17.090000  
193 204 221  29.420000  
194 204 206  15.240000  
195 204 222  6.310000   
196 204 207  16.980000  
197 204 208  31.750000  
198 204 216  27.250000  
199 210 217  5.690000   
200 210 201  3.820000   
201 210 202  8.190000   
202 210 218  5.850000   
203 210 209  18.390000  
204 210 219  7.010000   
205 210 223  9.130000   
206 210 203  35.060000  
207 210 204  18.530000  
208 210 211  41.410000  
209 210 220  35.300000  
210 210 212  63.550000  
211 210 213  23.360000  
212 210 205  38.440000  
213 210 214  33.120000  
214 210 215  31.980000  
215 210 221  53.670000  
216 210 206  30.070000  
217 210 222  12.270000  
218 210 207  32.740000  
219 210 208  60.140000  
220 210 216  54.470000  
221 211 217  4.610000   
222 211 201  4.910000   
223 211 202  6.690000   
224 211 218  7.490000   
225 211 209  17.230000  
226 211 219  10.940000  
227 211 223  7.560000   
228 211 203  50.010000  
229 211 204  23.650000  
230 211 210  41.750000  
231 211 220  40.540000  
232 211 212  75.230000  
233 211 213  31.960000  
234 211 205  38.360000  
235 211 214  34.340000  
236 211 215  28.020000  
237 211 221  58.050000  
238 211 206  27.720000  
239 211 222  12.330000  
240 211 207  29.820000  
241 211 208  65.000000  
242 211 216  56.860000  
243 220 217  4.490000   
244 220 201  3.190000   
245 220 202  6.320000   
246 220 218  3.970000   
247 220 209  14.480000  
248 220 219  7.230000   
249 220 223  7.960000   
250 220 203  22.310000  
251 220 204  17.380000  
252 220 210  36.010000  
253 220 211  41.050000  
254 220 212  45.250000  
255 220 213  24.610000  
256 220 205  38.030000  
257 220 214  30.190000  
258 220 215  30.220000  
259 220 221  28.220000  
260 220 206  17.270000  
261 220 222  5.400000   
262 220 207  19.290000  
263 220 208  38.870000  
264 220 216  38.960000  
265 212 217  8.310000   
266 212 201  8.660000   
267 212 202  12.180000  
268 212 218  12.750000  
269 212 209  28.330000  
270 212 219  19.350000  
271 212 223  16.940000  
272 212 203  51.390000  
273 212 204  29.620000  
274 212 210  67.090000  
275 212 211  78.680000  
276 212 220  46.840000  
277 212 213  42.060000  
278 212 205  60.360000  
279 212 214  65.390000  
280 212 215  53.470000  
281 212 221  96.120000  
282 212 206  38.790000  
283 212 222  14.050000  
284 212 207  50.930000  
285 212 208  64.220000  
286 212 216  66.510000  
287 213 217  4.020000   
288 213 201  2.670000   
289 213 202  5.610000   
290 213 218  4.140000   
291 213 209  14.580000  
292 213 219  6.010000   
293 213 223  7.730000   
294 213 203  25.170000  
295 213 204  14.270000  
296 213 210  23.390000  
297 213 211  31.750000  
298 213 220  24.170000  
299 213 212  39.900000  
300 213 205  25.730000  
301 213 214  24.740000  
302 213 215  23.440000  
303 213 221  38.600000  
304 213 206  22.540000  
305 213 222  9.190000   
306 213 207  24.240000  
307 213 208  35.220000  
308 213 216  33.420000  
309 205 217  4.780000   
310 205 201  5.080000   
311 205 202  7.360000   
312 205 218  7.490000   
313 205 209  18.650000  
314 205 219  13.450000  
315 205 223  10.240000  
316 205 203  45.300000  
317 205 204  23.260000  
318 205 210  40.970000  
319 205 211  40.710000  
320 205 220  39.800000  
321 205 212  61.280000  
322 205 213  27.390000  
323 205 214  33.430000  
324 205 215  28.250000  
325 205 221  57.580000  
326 205 206  20.000000  
327 205 222  8.920000   
328 205 207  28.160000  
329 205 208  44.290000  
330 205 216  40.550000  
331 214 217  5.620000   
332 214 201  3.760000   
333 214 202  7.190000   
334 214 218  5.250000   
335 214 209  15.820000  
336 214 219  7.090000   
337 214 223  6.860000   
338 214 203  33.380000  
339 214 204  21.330000  
340 214 210  34.330000  
341 214 211  35.100000  
342 214 220  30.670000  
343 214 212  63.810000  
344 214 213  25.600000  
345 214 205  32.270000  
346 214 215  24.410000  
347 214 221  42.850000  
348 214 206  20.190000  
349 214 222  8.160000   
350 214 207  22.520000  
351 214 208  37.080000  
352 214 216  35.450000  
353 215 217  3.160000   
354 215 201  4.110000   
355 215 202  5.110000   
356 215 218  5.630000   
357 215 209  11.110000  
358 215 219  7.500000   
359 215 223  4.970000   
360 215 203  31.860000  
361 215 204  17.100000  
362 215 210  32.150000  
363 215 211  28.160000  
364 215 220  29.770000  
365 215 212  51.330000  
366 215 213  23.520000  
367 215 205  26.720000  
368 215 214  23.830000  
369 215 221  37.360000  
370 215 206  23.280000  
371 215 222  9.040000   
372 215 207  18.430000  
373 215 208  34.310000  
374 215 216  27.050000  
375 221 217  5.120000   
376 221 201  4.140000   
377 221 202  9.570000   
378 221 218  4.880000   
379 221 209  19.390000  
380 221 219  10.450000  
381 221 223  11.480000  
382 221 203  36.350000  
383 221 204  29.170000  
384 221 210  53.920000  
385 221 211  57.840000  
386 221 220  27.790000  
387 221 212  91.460000  
388 221 213  38.720000  
389 221 205  54.220000  
390 221 214  41.550000  
391 221 215  37.330000  
392 221 206  31.800000  
393 221 222  10.090000  
394 221 207  27.850000  
395 221 208  58.290000  
396 221 216  54.100000  
397 206 217  4.230000   
398 206 201  4.380000   
399 206 202  6.550000   
400 206 218  5.690000   
401 206 209  14.730000  
402 206 219  8.960000   
403 206 223  6.790000   
404 206 203  26.190000  
405 206 204  18.070000  
406 206 210  36.180000  
407 206 211  32.880000  
408 206 220  20.740000  
409 206 212  45.760000  
410 206 213  27.130000  
411 206 205  23.540000  
412 206 214  24.200000  
413 206 215  27.590000  
414 206 221  38.240000  
415 206 222  1.150000   
416 206 207  14.170000  
417 206 208  16.180000  
418 206 216  28.900000  
419 222 217  1.860000   
420 222 201  1.690000   
421 222 202  2.870000   
422 222 218  2.070000   
423 222 209  6.440000   
424 222 219  3.540000   
425 222 223  3.080000   
426 222 203  8.030000   
427 222 204  7.470000   
428 222 210  14.410000  
429 222 211  14.620000  
430 222 220  6.310000   
431 222 212  16.410000  
432 222 213  10.760000  
433 222 205  10.370000  
434 222 214  9.480000   
435 222 215  10.700000  
436 222 221  11.830000  
437 222 206  1.050000   
438 222 207  5.520000   
439 222 208  6.720000   
440 222 216  12.140000  
441 207 217  3.310000   
442 207 201  4.010000   
443 207 202  5.370000   
444 207 218  4.950000   
445 207 209  12.080000  
446 207 219  7.970000   
447 207 223  5.690000   
448 207 203  27.400000  
449 207 204  17.690000  
450 207 210  34.590000  
451 207 211  31.210000  
452 207 220  19.980000  
453 207 212  50.950000  
454 207 213  25.630000  
455 207 205  27.760000  
456 207 214  23.090000  
457 207 215  19.210000  
458 207 221  29.300000  
459 207 206  12.020000  
460 207 222  4.730000   
461 207 208  31.670000  
462 207 216  29.410000  
463 208 217  6.520000   
464 208 201  5.580000   
465 208 202  10.030000  
466 208 218  8.050000   
467 208 209  25.490000  
468 208 219  14.740000  
469 208 223  14.100000  
470 208 203  44.720000  
471 208 204  36.080000  
472 208 210  68.250000  
473 208 211  74.070000  
474 208 220  43.630000  
475 208 212  70.940000  
476 208 213  39.880000  
477 208 205  48.460000  
478 208 214  41.240000  
479 208 215  39.110000  
480 208 221  65.990000  
481 208 206  13.940000  
482 208 222  6.160000   
483 208 207  34.970000  
484 208 216  39.360000  
485 216 217  4.300000   
486 216 201  4.330000   
487 216 202  6.050000   
488 216 218  6.720000   
489 216 209  15.830000  
490 216 219  12.210000  
491 216 223  9.560000   
492 216 203  43.490000  
493 216 204  28.180000  
494 216 210  57.100000  
495 216 211  59.050000  
496 216 220  40.030000  
497 216 212  66.020000  
498 216 213  35.080000  
499 216 205  39.660000  
500 216 214  36.060000  
501 216 215  27.980000  
502 216 221  56.450000  
503 216 206  24.470000  
504 216 222  10.380000  
505 216 207  29.190000  
506 216 208  35.440000  
