# id node_number1 node_number2 length capacity type alpha beta gamma
#   where type is 0 for artificial and 1 for a real link
7242 201 137 0.000000 999999.000000 0
7243 137 201 0.000000 999999.000000 0
7244 202 192 0.000000 999999.000000 0
7245 192 202 0.000000 999999.000000 0
7246 203 37 0.000000 999999.000000 0
7247 37 203 0.000000 999999.000000 0
7248 203 38 0.000000 999999.000000 0
7249 38 203 0.000000 999999.000000 0
7250 204 58 0.000000 999999.000000 0
7251 58 204 0.000000 999999.000000 0
7252 205 49 0.000000 999999.000000 0
7253 49 205 0.000000 999999.000000 0
7254 205 53 0.000000 999999.000000 0
7255 53 205 0.000000 999999.000000 0
7256 205 54 0.000000 999999.000000 0
7257 54 205 0.000000 999999.000000 0
7258 206 169 0.000000 999999.000000 0
7259 169 206 0.000000 999999.000000 0
7260 206 171 0.000000 999999.000000 0
7261 171 206 0.000000 999999.000000 0
7262 207 176 0.000000 999999.000000 0
7263 176 207 0.000000 999999.000000 0
7264 208 89 0.000000 999999.000000 0
7265 89 208 0.000000 999999.000000 0
7266 208 90 0.000000 999999.000000 0
7267 90 208 0.000000 999999.000000 0
7268 208 92 0.000000 999999.000000 0
7269 92 208 0.000000 999999.000000 0
7270 201 7 0.000000 999999.000000 0
7271 7 201 0.000000 999999.000000 0
7272 201 8 0.000000 999999.000000 0
7273 8 201 0.000000 999999.000000 0
7274 201 135 0.000000 999999.000000 0
7275 135 201 0.000000 999999.000000 0
7276 202 7 0.000000 999999.000000 0
7277 7 202 0.000000 999999.000000 0
7278 202 8 0.000000 999999.000000 0
7279 8 202 0.000000 999999.000000 0
7280 202 13 0.000000 999999.000000 0
7281 13 202 0.000000 999999.000000 0
7282 209 116 0.000000 999999.000000 0
7283 116 209 0.000000 999999.000000 0
7284 203 18 0.000000 999999.000000 0
7285 18 203 0.000000 999999.000000 0
7286 203 20 0.000000 999999.000000 0
7287 20 203 0.000000 999999.000000 0
7288 204 46 0.000000 999999.000000 0
7289 46 204 0.000000 999999.000000 0
7290 204 47 0.000000 999999.000000 0
7291 47 204 0.000000 999999.000000 0
7292 204 51 0.000000 999999.000000 0
7293 51 204 0.000000 999999.000000 0
7294 210 50 0.000000 999999.000000 0
7295 50 210 0.000000 999999.000000 0
7296 210 52 0.000000 999999.000000 0
7297 52 210 0.000000 999999.000000 0
7298 210 55 0.000000 999999.000000 0
7299 55 210 0.000000 999999.000000 0
7300 210 56 0.000000 999999.000000 0
7301 56 210 0.000000 999999.000000 0
7302 211 110 0.000000 999999.000000 0
7303 110 211 0.000000 999999.000000 0
7304 211 118 0.000000 999999.000000 0
7305 118 211 0.000000 999999.000000 0
7306 211 120 0.000000 999999.000000 0
7307 120 211 0.000000 999999.000000 0
7308 211 121 0.000000 999999.000000 0
7309 121 211 0.000000 999999.000000 0
7310 212 68 0.000000 999999.000000 0
7311 68 212 0.000000 999999.000000 0
7312 212 102 0.000000 999999.000000 0
7313 102 212 0.000000 999999.000000 0
7314 212 103 0.000000 999999.000000 0
7315 103 212 0.000000 999999.000000 0
7316 213 48 0.000000 999999.000000 0
7317 48 213 0.000000 999999.000000 0
7318 213 104 0.000000 999999.000000 0
7319 104 213 0.000000 999999.000000 0
7320 213 196 0.000000 999999.000000 0
7321 196 213 0.000000 999999.000000 0
7322 205 72 0.000000 999999.000000 0
7323 72 205 0.000000 999999.000000 0
7324 214 140 0.000000 999999.000000 0
7325 140 214 0.000000 999999.000000 0
7326 214 141 0.000000 999999.000000 0
7327 141 214 0.000000 999999.000000 0
7328 214 149 0.000000 999999.000000 0
7329 149 214 0.000000 999999.000000 0
7330 214 165 0.000000 999999.000000 0
7331 165 214 0.000000 999999.000000 0
7332 215 133 0.000000 999999.000000 0
7333 133 215 0.000000 999999.000000 0
7334 215 159 0.000000 999999.000000 0
7335 159 215 0.000000 999999.000000 0
7336 215 160 0.000000 999999.000000 0
7337 160 215 0.000000 999999.000000 0
7338 207 155 0.000000 999999.000000 0
7339 155 207 0.000000 999999.000000 0
7340 207 178 0.000000 999999.000000 0
7341 178 207 0.000000 999999.000000 0
7342 208 75 0.000000 999999.000000 0
7343 75 208 0.000000 999999.000000 0
7344 216 75 0.000000 999999.000000 0
7345 75 216 0.000000 999999.000000 0
7346 216 76 0.000000 999999.000000 0
7347 76 216 0.000000 999999.000000 0
7348 216 79 0.000000 999999.000000 0
7349 79 216 0.000000 999999.000000 0
7350 216 80 0.000000 999999.000000 0
7351 80 216 0.000000 999999.000000 0
7352 217 135 0.000000 999999.000000 0
7353 135 217 0.000000 999999.000000 0
7354 217 136 0.000000 999999.000000 0
7355 136 217 0.000000 999999.000000 0
7356 218 5 0.000000 999999.000000 0
7357 5 218 0.000000 999999.000000 0
7358 218 6 0.000000 999999.000000 0
7359 6 218 0.000000 999999.000000 0
7360 218 15 0.000000 999999.000000 0
7361 15 218 0.000000 999999.000000 0
7362 218 23 0.000000 999999.000000 0
7363 23 218 0.000000 999999.000000 0
7364 209 5 0.000000 999999.000000 0
7365 5 209 0.000000 999999.000000 0
7366 209 15 0.000000 999999.000000 0
7367 15 209 0.000000 999999.000000 0
7368 209 23 0.000000 999999.000000 0
7369 23 209 0.000000 999999.000000 0
7370 219 2 0.000000 999999.000000 0
7371 2 219 0.000000 999999.000000 0
7372 219 112 0.000000 999999.000000 0
7373 112 219 0.000000 999999.000000 0
7374 219 114 0.000000 999999.000000 0
7375 114 219 0.000000 999999.000000 0
7376 219 115 0.000000 999999.000000 0
7377 115 219 0.000000 999999.000000 0
7378 220 28 0.000000 999999.000000 0
7379 28 220 0.000000 999999.000000 0
7380 220 36 0.000000 999999.000000 0
7381 36 220 0.000000 999999.000000 0
7382 220 166 0.000000 999999.000000 0
7383 166 220 0.000000 999999.000000 0
7384 212 70 0.000000 999999.000000 0
7385 70 212 0.000000 999999.000000 0
7386 213 44 0.000000 999999.000000 0
7387 44 213 0.000000 999999.000000 0
7388 215 127 0.000000 999999.000000 0
7389 127 215 0.000000 999999.000000 0
7390 221 41 0.000000 999999.000000 0
7391 41 221 0.000000 999999.000000 0
7392 221 166 0.000000 999999.000000 0
7393 166 221 0.000000 999999.000000 0
7394 221 177 0.000000 999999.000000 0
7395 177 221 0.000000 999999.000000 0
7396 221 184 0.000000 999999.000000 0
7397 184 221 0.000000 999999.000000 0
7398 222 182 0.000000 999999.000000 0
7399 182 222 0.000000 999999.000000 0
7400 207 177 0.000000 999999.000000 0
7401 177 207 0.000000 999999.000000 0
7402 217 64 0.000000 999999.000000 0
7403 64 217 0.000000 999999.000000 0
7404 217 65 0.000000 999999.000000 0
7405 65 217 0.000000 999999.000000 0
7406 223 30 0.000000 999999.000000 0
7407 30 223 0.000000 999999.000000 0
7408 223 33 0.000000 999999.000000 0
7409 33 223 0.000000 999999.000000 0
7410 223 199 0.000000 999999.000000 0
7411 199 223 0.000000 999999.000000 0
7412 220 29 0.000000 999999.000000 0
7413 29 220 0.000000 999999.000000 0
7414 206 170 0.000000 999999.000000 0
7415 170 206 0.000000 999999.000000 0
7416 206 174 0.000000 999999.000000 0
7417 174 206 0.000000 999999.000000 0
7418 222 166 0.000000 999999.000000 0
7419 166 222 0.000000 999999.000000 0
7420 223 1 0.000000 999999.000000 0
7421 1 223 0.000000 999999.000000 0
7422 222 155 0.000000 999999.000000 0
7423 155 222 0.000000 999999.000000 0
7424 222 176 0.000000 999999.000000 0
7425 176 222 0.000000 999999.000000 0
170 158 188 102.000000 2400.000000 1 3.666667 3.666666 2401.000000 
2674 107 108 92.000000 600.000000 1 2.333333 2.333334 601.000000 
3405 61 10 218.000000 2400.000000 1 4.666667 4.666666 2401.000000 
3408 16 60 215.000000 2400.000000 1 4.666667 4.666666 2401.000000 
3848 186 166 402.000000 900.000000 1 10.000000 10.000000 901.000000 
3849 182 186 228.000000 900.000000 1 5.666667 5.666666 901.000000 
3850 166 182 174.000000 900.000000 1 6.333333 6.333334 901.000000 
3851 186 187 38.000000 600.000000 1 1.666667 1.666667 601.000000 
3852 42 184 85.000000 900.000000 1 2.666667 2.666666 901.000000 
3853 184 42 85.000000 900.000000 1 21.000000 21.000000 901.000000 
3854 187 185 14.000000 600.000000 1 0.333333 0.333334 601.000000 
3855 186 177 93.000000 900.000000 1 2.333333 2.333334 901.000000 
3856 177 186 93.000000 900.000000 1 4.000000 4.000000 901.000000 
3857 185 166 496.000000 600.000000 1 12.333333 12.333334 601.000000 
3858 184 177 263.000000 900.000000 1 14.000000 14.000000 901.000000 
3859 177 184 263.000000 900.000000 1 13.333333 13.333334 901.000000 
5189 179 183 7.000000 900.000000 1 0.333333 0.333334 901.000000 
5190 160 180 307.000000 900.000000 1 11.000000 11.000000 901.000000 
5194 183 177 373.000000 900.000000 1 19.666667 19.666667 901.000000 
5195 181 180 332.000000 900.000000 1 8.333333 8.333334 901.000000 
5198 165 149 195.000000 900.000000 1 6.333333 6.333334 901.000000 
5201 177 181 291.000000 900.000000 1 7.333333 7.333334 901.000000 
5203 180 162 76.000000 900.000000 1 2.333333 2.333334 901.000000 
5204 162 180 76.000000 900.000000 1 4.666667 4.666666 901.000000 
5207 180 160 307.000000 900.000000 1 17.666667 17.666667 901.000000 
5208 180 179 243.000000 900.000000 1 8.666667 8.666666 901.000000 
5211 155 178 14.000000 900.000000 1 0.333333 0.333334 901.000000 
5212 178 177 348.000000 900.000000 1 19.000000 19.000000 901.000000 
5213 176 155 206.000000 900.000000 1 6.000000 6.000000 901.000000 
5214 177 176 156.000000 900.000000 1 4.333333 4.333334 901.000000 
5361 64 189 399.000000 900.000000 1 14.333333 14.333334 901.000000 
5364 175 168 276.000000 2400.000000 1 11.666667 11.666666 2401.000000 
5365 142 174 363.000000 2400.000000 1 15.000000 15.000000 2401.000000 
5366 170 143 373.000000 2400.000000 1 17.666667 17.666667 2401.000000 
5367 171 175 399.000000 2400.000000 1 8.000000 8.000000 2401.000000 
5368 174 171 388.000000 2400.000000 1 8.333333 8.333334 2401.000000 
5369 168 173 277.000000 2400.000000 1 6.333333 6.333334 2401.000000 
5370 175 173 12.000000 2400.000000 1 0.333333 0.333334 2401.000000 
5377 170 174 22.000000 900.000000 1 0.666667 0.666667 901.000000 
5378 174 170 22.000000 900.000000 1 0.333333 0.333334 901.000000 
5380 170 155 321.000000 900.000000 1 10.666667 10.666666 901.000000 
5381 172 63 398.000000 2800.000000 1 9.000000 9.000000 2801.000000 
5382 167 168 185.000000 2800.000000 1 14.333333 14.333334 2801.000000 
5383 173 169 418.000000 2400.000000 1 8.666667 8.666666 2401.000000 
5385 168 172 82.000000 2800.000000 1 1.666667 1.666667 2801.000000 
5390 190 170 141.000000 900.000000 1 11.333333 11.333334 901.000000 
5392 150 135 113.000000 900.000000 1 7.333333 7.333334 901.000000 
5393 135 150 113.000000 900.000000 1 3.333333 3.333334 901.000000 
5395 169 170 366.000000 2400.000000 1 12.000000 12.000000 2401.000000 
5396 168 34 562.000000 2800.000000 1 55.000000 55.000000 2801.000000 
5397 98 168 340.000000 2800.000000 1 16.333333 16.333333 2801.000000 
5500 160 42 539.000000 2800.000000 1 16.333333 16.333333 2801.000000 
5503 162 165 150.000000 900.000000 1 5.000000 5.000000 901.000000 
5507 166 164 154.000000 900.000000 1 6.000000 6.000000 901.000000 
5508 43 161 276.000000 2800.000000 1 7.333333 7.333334 2801.000000 
5509 159 160 23.000000 900.000000 1 0.666667 0.666667 901.000000 
5510 160 159 23.000000 900.000000 1 0.666667 0.666667 901.000000 
5516 21 163 176.000000 900.000000 1 4.666667 4.666666 901.000000 
5517 163 166 315.000000 900.000000 1 12.000000 12.000000 901.000000 
5518 164 21 337.000000 900.000000 1 8.333333 8.333334 901.000000 
5519 161 159 257.000000 2800.000000 1 7.333333 7.333334 2801.000000 
5520 133 160 257.000000 2800.000000 1 7.333333 7.333334 2801.000000 
5523 159 130 255.000000 2800.000000 1 11.000000 11.000000 2801.000000 
5526 11 156 138.000000 2400.000000 1 7.333333 7.333334 2401.000000 
5527 155 190 180.000000 900.000000 1 4.666667 4.666666 901.000000 
5528 152 150 106.000000 900.000000 1 2.666667 2.666666 901.000000 
5529 150 152 106.000000 900.000000 1 2.666667 2.666666 901.000000 
5530 137 8 80.000000 600.000000 1 10.000000 10.000000 601.000000 
5531 158 157 19.000000 2400.000000 1 0.333333 0.333334 2401.000000 
5532 157 158 19.000000 2400.000000 1 1.000000 1.000000 2401.000000 
5533 154 158 120.000000 2400.000000 1 2.666667 2.666666 2401.000000 
5535 151 17 190.000000 2400.000000 1 4.000000 4.000000 2401.000000 
5536 156 153 131.000000 2400.000000 1 7.000000 7.000000 2401.000000 
5537 157 152 220.000000 2400.000000 1 8.000000 8.000000 2401.000000 
5542 153 154 101.000000 2400.000000 1 3.333333 3.333334 2401.000000 
5543 152 151 77.000000 2400.000000 1 2.000000 2.000000 2401.000000 
5544 152 153 18.000000 900.000000 1 0.333333 0.333334 901.000000 
5545 153 152 18.000000 900.000000 1 0.333333 0.333334 901.000000 
5588 143 162 452.000000 900.000000 1 16.333333 16.333333 901.000000 
5589 149 143 107.000000 900.000000 1 10.000000 10.000000 901.000000 
5601 147 141 269.000000 2400.000000 1 6.666667 6.666666 2401.000000 
5602 146 147 24.000000 900.000000 1 0.666667 0.666667 901.000000 
5603 147 200 85.000000 900.000000 1 2.666667 2.666666 901.000000 
5607 147 148 25.000000 900.000000 1 0.666667 0.666667 901.000000 
5608 144 148 50.000000 2400.000000 1 1.666667 1.666667 2401.000000 
5610 148 145 26.000000 900.000000 1 2.000000 2.000000 901.000000 
5611 148 146 13.000000 2400.000000 1 0.333333 0.333334 2401.000000 
5618 140 144 208.000000 2400.000000 1 5.333333 5.333334 2401.000000 
5619 144 145 55.000000 900.000000 1 2.666667 2.666666 901.000000 
5620 145 126 281.000000 900.000000 1 6.666667 6.666666 901.000000 
5629 143 140 265.000000 2400.000000 1 7.000000 7.000000 2401.000000 
5630 141 142 268.000000 2400.000000 1 9.333333 9.333334 2401.000000 
5631 142 143 31.000000 900.000000 1 1.333333 1.333333 901.000000 
5632 143 142 31.000000 900.000000 1 1.000000 1.000000 901.000000 
5633 136 139 101.000000 600.000000 1 3.333333 3.333334 601.000000 
5637 139 14 162.000000 600.000000 1 13.333333 13.333334 601.000000 
5638 138 136 178.000000 600.000000 1 9.000000 9.000000 601.000000 
5644 135 136 238.000000 900.000000 1 6.000000 6.000000 901.000000 
5645 136 135 238.000000 900.000000 1 16.666667 16.666667 901.000000 
5646 135 137 188.000000 600.000000 1 8.333333 8.333334 601.000000 
5647 14 138 85.000000 600.000000 1 3.000000 3.000000 601.000000 
5664 134 125 28.000000 2800.000000 1 0.666667 0.666667 2801.000000 
5665 134 123 44.000000 2800.000000 1 0.666667 0.666667 2801.000000 
5666 125 127 45.000000 2800.000000 1 1.666667 1.666667 2801.000000 
5668 133 130 31.000000 2800.000000 1 1.000000 1.000000 2801.000000 
5669 127 129 43.000000 2800.000000 1 1.000000 1.000000 2801.000000 
5670 132 134 39.000000 2800.000000 1 1.000000 1.000000 2801.000000 
5671 129 133 44.000000 2800.000000 1 1.000000 1.000000 2801.000000 
5677 131 132 35.000000 2800.000000 1 1.000000 1.000000 2801.000000 
5679 130 131 50.000000 2800.000000 1 1.333333 1.333333 2801.000000 
5680 128 146 515.000000 900.000000 1 22.333333 22.333333 901.000000 
5684 127 128 60.000000 900.000000 1 1.333333 1.333333 901.000000 
5685 126 129 280.000000 900.000000 1 15.000000 15.000000 901.000000 
5686 124 125 47.000000 2800.000000 1 1.666667 1.666667 2801.000000 
5687 124 123 27.000000 2800.000000 1 0.666667 0.666667 2801.000000 
5688 123 124 27.000000 2800.000000 1 0.666667 0.666667 2801.000000 
5689 122 121 115.000000 900.000000 1 3.000000 3.000000 901.000000 
5690 121 122 115.000000 900.000000 1 4.000000 4.000000 901.000000 
5691 120 122 78.000000 900.000000 1 3.000000 3.000000 901.000000 
5692 122 120 78.000000 900.000000 1 2.666667 2.666666 901.000000 
5693 120 118 108.000000 900.000000 1 3.333333 3.333334 901.000000 
5694 31 121 178.000000 900.000000 1 13.000000 13.000000 901.000000 
5695 121 31 178.000000 900.000000 1 4.333333 4.333334 901.000000 
5696 119 110 113.000000 900.000000 1 3.000000 3.000000 901.000000 
5697 110 119 113.000000 900.000000 1 2.666667 2.666666 901.000000 
5698 121 119 180.000000 900.000000 1 4.666667 4.666666 901.000000 
5699 119 121 180.000000 900.000000 1 6.666667 6.666666 901.000000 
5700 120 33 178.000000 600.000000 1 4.333333 4.333334 601.000000 
5701 33 120 178.000000 600.000000 1 7.333333 7.333334 601.000000 
5702 77 120 181.000000 900.000000 1 4.666667 4.666666 901.000000 
5703 118 77 73.000000 900.000000 1 2.000000 2.000000 901.000000 
5723 115 117 109.000000 900.000000 1 8.333333 8.333334 901.000000 
5724 117 112 316.000000 900.000000 1 13.000000 13.000000 901.000000 
5730 3 117 212.000000 900.000000 1 8.333333 8.333334 901.000000 
5731 117 3 212.000000 900.000000 1 26.666667 26.666667 901.000000 
5732 112 114 127.000000 900.000000 1 4.000000 4.000000 901.000000 
5733 113 112 234.000000 900.000000 1 6.000000 6.000000 901.000000 
5734 112 116 527.000000 900.000000 1 20.666667 20.666667 901.000000 
5735 114 115 80.000000 900.000000 1 2.333333 2.333334 901.000000 
5737 7 192 210.000000 600.000000 1 11.000000 11.000000 601.000000 
5738 194 191 123.000000 900.000000 1 5.000000 5.000000 901.000000 
5739 191 192 244.000000 900.000000 1 12.000000 12.000000 901.000000 
5740 192 59 348.000000 600.000000 1 17.333333 17.333333 601.000000 
5741 192 60 247.000000 900.000000 1 12.333333 12.333334 901.000000 
5742 60 192 247.000000 900.000000 1 6.333333 6.333334 901.000000 
5743 193 113 420.000000 900.000000 1 18.000000 18.000000 901.000000 
5744 195 191 225.000000 900.000000 1 9.666667 9.666666 901.000000 
5745 116 195 15.000000 900.000000 1 0.333333 0.333334 901.000000 
5746 191 193 113.000000 900.000000 1 3.666667 3.666666 901.000000 
5747 192 194 121.000000 900.000000 1 3.666667 3.666666 901.000000 
5837 73 109 202.000000 900.000000 1 5.000000 5.000000 901.000000 
5838 108 111 104.000000 900.000000 1 3.000000 3.000000 901.000000 
5845 88 106 97.000000 600.000000 1 2.333333 2.333334 601.000000 
5846 110 108 311.000000 900.000000 1 8.666667 8.666666 901.000000 
5847 111 110 207.000000 900.000000 1 5.333333 5.333334 901.000000 
5848 108 73 293.000000 900.000000 1 19.666667 19.666667 901.000000 
5849 109 108 91.000000 900.000000 1 2.333333 2.333334 901.000000 
5880 105 99 93.000000 900.000000 1 3.000000 3.000000 901.000000 
5881 99 71 275.000000 900.000000 1 7.000000 7.000000 901.000000 
5882 197 97 241.000000 600.000000 1 6.000000 6.000000 601.000000 
5884 97 101 417.000000 600.000000 1 10.333333 10.333334 601.000000 
5885 101 197 176.000000 600.000000 1 4.333333 4.333334 601.000000 
5886 51 99 107.000000 900.000000 1 2.666667 2.666666 901.000000 
5887 103 102 110.000000 900.000000 1 2.666667 2.666666 901.000000 
5888 102 103 110.000000 900.000000 1 2.666667 2.666666 901.000000 
5890 103 196 391.000000 900.000000 1 9.666667 9.666666 901.000000 
5891 104 103 100.000000 900.000000 1 2.333333 2.333334 901.000000 
5892 100 103 142.000000 900.000000 1 3.666667 3.666666 901.000000 
5893 103 100 142.000000 900.000000 1 3.666667 3.666666 901.000000 
5894 99 55 185.000000 900.000000 1 7.666667 7.666666 901.000000 
5895 71 105 182.000000 900.000000 1 7.000000 7.000000 901.000000 
5896 196 44 112.000000 900.000000 1 2.666667 2.666666 901.000000 
5897 44 196 112.000000 900.000000 1 2.666667 2.666666 901.000000 
5899 196 104 291.000000 900.000000 1 7.333333 7.333334 901.000000 
5900 102 101 171.000000 900.000000 1 4.333333 4.333334 901.000000 
5901 101 102 171.000000 900.000000 1 4.333333 4.333334 901.000000 
5902 103 70 340.000000 900.000000 1 8.333333 8.333334 901.000000 
5903 101 68 280.000000 900.000000 1 7.000000 7.000000 901.000000 
5904 55 99 185.000000 900.000000 1 4.666667 4.666666 901.000000 
5905 99 100 100.000000 900.000000 1 2.333333 2.333334 901.000000 
5906 100 99 100.000000 900.000000 1 2.333333 2.333334 901.000000 
5907 34 98 222.000000 2800.000000 1 18.666667 18.666667 2801.000000 
5908 92 86 141.000000 900.000000 1 3.666667 3.666666 901.000000 
5909 96 97 60.000000 600.000000 1 2.333333 2.333334 601.000000 
5910 97 96 60.000000 600.000000 1 1.666667 1.666667 601.000000 
5915 82 94 133.000000 900.000000 1 3.666667 3.666666 901.000000 
5916 62 95 213.000000 2800.000000 1 5.333333 5.333334 2801.000000 
5917 95 62 213.000000 2800.000000 1 5.000000 5.000000 2801.000000 
5920 80 92 96.000000 900.000000 1 2.333333 2.333334 901.000000 
5921 96 92 205.000000 900.000000 1 5.000000 5.000000 901.000000 
5922 90 96 167.000000 900.000000 1 15.333333 15.333334 901.000000 
5923 96 62 252.000000 900.000000 1 6.333333 6.333334 901.000000 
5924 93 85 375.000000 2800.000000 1 19.666667 19.666667 2801.000000 
5925 85 93 375.000000 2800.000000 1 13.000000 13.000000 2801.000000 
5926 92 90 38.000000 900.000000 1 1.333333 1.333333 901.000000 
5927 95 92 200.000000 600.000000 1 5.000000 5.000000 601.000000 
5928 76 82 168.000000 900.000000 1 4.333333 4.333334 901.000000 
5929 82 76 168.000000 900.000000 1 5.666667 5.666666 901.000000 
5930 95 93 123.000000 2800.000000 1 4.666667 4.666666 2801.000000 
5931 93 95 123.000000 2800.000000 1 3.000000 3.000000 2801.000000 
5932 94 85 158.000000 900.000000 1 21.000000 21.000000 901.000000 
5933 85 82 291.000000 900.000000 1 11.000000 11.000000 901.000000 
5934 86 93 153.000000 900.000000 1 3.666667 3.666666 901.000000 
5935 93 86 153.000000 900.000000 1 5.000000 5.000000 901.000000 
5936 62 96 252.000000 900.000000 1 12.666667 12.666666 901.000000 
6290 91 88 675.000000 600.000000 1 33.666667 33.666666 601.000000 
6291 88 91 675.000000 600.000000 1 17.000000 17.000000 601.000000 
6292 85 91 115.000000 600.000000 1 5.333333 5.333334 601.000000 
6293 91 85 115.000000 600.000000 1 3.000000 3.000000 601.000000 
6294 89 79 68.000000 900.000000 1 2.000000 2.000000 901.000000 
6295 83 78 55.000000 600.000000 1 2.333333 2.333334 601.000000 
6296 78 88 292.000000 600.000000 1 13.000000 13.000000 601.000000 
6297 81 83 218.000000 600.000000 1 5.333333 5.333334 601.000000 
6298 88 81 129.000000 600.000000 1 4.000000 4.000000 601.000000 
6299 83 76 264.000000 600.000000 1 6.666667 6.666666 601.000000 
6300 45 87 135.000000 900.000000 1 3.333333 3.333334 901.000000 
6301 87 45 135.000000 900.000000 1 13.333333 13.333334 901.000000 
6302 76 83 264.000000 600.000000 1 6.666667 6.666666 601.000000 
6303 87 77 173.000000 900.000000 1 4.333333 4.333334 901.000000 
6304 77 87 173.000000 900.000000 1 5.333333 5.333334 901.000000 
6305 74 84 88.000000 600.000000 1 2.333333 2.333334 601.000000 
6306 87 74 101.000000 600.000000 1 2.666667 2.666666 601.000000 
6307 86 75 90.000000 900.000000 1 5.000000 5.000000 901.000000 
6308 75 86 90.000000 900.000000 1 2.333333 2.333334 901.000000 
6309 84 50 162.000000 600.000000 1 4.333333 4.333334 601.000000 
6310 82 83 159.000000 600.000000 1 6.666667 6.666666 601.000000 
6311 83 82 159.000000 600.000000 1 8.000000 8.000000 601.000000 
6312 79 75 29.000000 900.000000 1 0.666667 0.666667 901.000000 
6313 75 90 150.000000 900.000000 1 6.333333 6.333334 901.000000 
6314 75 76 217.000000 900.000000 1 5.333333 5.333334 901.000000 
6315 76 75 217.000000 900.000000 1 6.333333 6.333334 901.000000 
6392 73 49 194.000000 2400.000000 1 5.666667 5.666666 2401.000000 
6393 73 72 16.000000 900.000000 1 0.333333 0.333334 901.000000 
6394 72 73 16.000000 900.000000 1 0.333333 0.333334 901.000000 
6395 54 72 142.000000 2400.000000 1 9.000000 9.000000 2401.000000 
6517 22 71 296.000000 900.000000 1 10.666667 10.666666 901.000000 
6518 71 22 296.000000 900.000000 1 7.333333 7.333334 901.000000 
6519 29 103 567.000000 900.000000 1 20.666667 20.666667 901.000000 
6520 70 29 227.000000 900.000000 1 5.666667 5.666666 901.000000 
6536 35 69 101.000000 900.000000 1 3.333333 3.333334 901.000000 
6545 68 35 286.000000 900.000000 1 7.000000 7.000000 901.000000 
6546 69 101 465.000000 900.000000 1 11.666667 11.666666 901.000000 
6547 47 37 323.000000 2400.000000 1 7.000000 7.000000 2401.000000 
6548 38 58 430.000000 2400.000000 1 9.000000 9.000000 2401.000000 
6680 40 64 113.000000 900.000000 1 5.666667 5.666666 901.000000 
6681 64 67 49.000000 900.000000 1 1.666667 1.666667 901.000000 
6682 67 136 519.000000 600.000000 1 23.666667 23.666667 601.000000 
6683 66 43 29.000000 900.000000 1 0.666667 0.666667 901.000000 
6684 65 66 86.000000 900.000000 1 6.333333 6.333334 901.000000 
6685 64 65 20.000000 900.000000 1 0.333333 0.333334 901.000000 
6686 65 64 20.000000 900.000000 1 1.000000 1.000000 901.000000 
6688 62 167 456.000000 2800.000000 1 13.000000 13.000000 2801.000000 
6689 63 62 161.000000 2800.000000 1 4.000000 4.000000 2801.000000 
6775 61 60 16.000000 900.000000 1 0.333333 0.333334 901.000000 
6776 60 61 16.000000 900.000000 1 0.333333 0.333334 901.000000 
6777 60 59 104.000000 2400.000000 1 2.666667 2.666666 2401.000000 
6779 53 54 16.000000 2400.000000 1 0.333333 0.333334 2401.000000 
6780 46 47 260.000000 2400.000000 1 5.333333 5.333334 2401.000000 
6781 58 51 152.000000 2400.000000 1 3.333333 3.333334 2401.000000 
6782 47 0 287.000000 600.000000 1 7.333333 7.333334 601.000000 
6783 55 44 291.000000 2400.000000 1 12.666667 12.666666 2401.000000 
6784 49 45 186.000000 2400.000000 1 8.666667 8.666666 2401.000000 
6785 56 57 24.000000 2400.000000 1 0.666667 0.666667 2401.000000 
6786 48 56 166.000000 2400.000000 1 5.000000 5.000000 2401.000000 
6787 52 55 89.000000 2400.000000 1 2.000000 2.000000 2401.000000 
6788 57 50 90.000000 2400.000000 1 2.333333 2.333334 2401.000000 
6789 55 56 19.000000 900.000000 1 0.333333 0.333334 901.000000 
6790 56 55 19.000000 900.000000 1 0.333333 0.333334 901.000000 
6791 51 52 128.000000 2400.000000 1 2.666667 2.666666 2401.000000 
6792 46 51 18.000000 900.000000 1 0.333333 0.333334 901.000000 
6793 51 46 18.000000 900.000000 1 0.333333 0.333334 901.000000 
6794 50 46 128.000000 2400.000000 1 2.666667 2.666666 2401.000000 
6795 45 48 107.000000 2400.000000 1 3.333333 3.333334 2401.000000 
6796 44 53 223.000000 2400.000000 1 6.000000 6.000000 2401.000000 
6797 44 45 11.000000 900.000000 1 0.333333 0.333334 901.000000 
6798 45 44 11.000000 900.000000 1 0.333333 0.333334 901.000000 
6977 42 40 26.000000 900.000000 1 1.000000 1.000000 901.000000 
6980 40 43 14.000000 2800.000000 1 0.333333 0.333334 2801.000000 
6981 26 39 302.000000 2800.000000 1 8.000000 8.000000 2801.000000 
6982 42 41 401.000000 2800.000000 1 11.333333 11.333334 2801.000000 
6983 41 27 504.000000 2800.000000 1 17.666667 17.666667 2801.000000 
6986 43 42 25.000000 900.000000 1 2.333333 2.333334 901.000000 
6987 39 40 589.000000 2800.000000 1 16.666667 16.666667 2801.000000 
7041 35 29 247.000000 2800.000000 1 9.333333 9.333334 2801.000000 
7044 37 20 163.000000 2800.000000 1 19.666667 19.666667 2801.000000 
7045 36 34 156.000000 2800.000000 1 15.000000 15.000000 2801.000000 
7046 36 35 37.000000 900.000000 1 1.000000 1.000000 901.000000 
7047 35 36 37.000000 900.000000 1 1.000000 1.000000 901.000000 
7050 27 21 369.000000 2800.000000 1 18.000000 18.000000 2801.000000 
7055 22 38 196.000000 2800.000000 1 9.000000 9.000000 2801.000000 
7057 38 37 12.000000 2800.000000 1 0.666667 0.666667 2801.000000 
7065 34 35 148.000000 2800.000000 1 7.666667 7.666666 2801.000000 
7076 31 198 145.000000 2800.000000 1 5.000000 5.000000 2801.000000 
7081 30 1 403.000000 2800.000000 1 19.666667 19.666667 2801.000000 
7083 33 31 184.000000 2800.000000 1 9.666667 9.666666 2801.000000 
7086 32 30 70.000000 2800.000000 1 4.000000 4.000000 2801.000000 
7089 30 31 26.000000 900.000000 1 1.333333 1.333333 901.000000 
7090 31 30 26.000000 900.000000 1 1.666667 1.666667 901.000000 
7093 29 22 201.000000 2800.000000 1 10.000000 10.000000 2801.000000 
7094 24 5 90.000000 2800.000000 1 5.000000 5.000000 2801.000000 
7096 21 36 435.000000 2800.000000 1 18.000000 18.000000 2801.000000 
7097 27 20 33.000000 2800.000000 1 1.000000 1.000000 2801.000000 
7101 25 26 254.000000 2800.000000 1 21.666667 21.666667 2801.000000 
7102 20 18 24.000000 2800.000000 1 1.666667 1.666667 2801.000000 
7105 18 19 39.000000 2800.000000 1 2.666667 2.666666 2801.000000 
7106 19 23 223.000000 2800.000000 1 7.000000 7.000000 2801.000000 
7108 18 26 35.000000 2800.000000 1 1.666667 1.666667 2801.000000 
7110 29 28 33.000000 900.000000 1 0.666667 0.666667 901.000000 
7111 26 27 25.000000 2800.000000 1 1.000000 1.000000 2801.000000 
7112 15 25 75.000000 2800.000000 1 3.333333 3.333334 2801.000000 
7114 25 23 37.000000 2800.000000 1 0.666667 0.666667 2801.000000 
7117 3 18 408.000000 2800.000000 1 22.000000 22.000000 2801.000000 
7120 23 24 34.000000 2800.000000 1 0.666667 0.666667 2801.000000 
7122 21 22 33.000000 900.000000 1 1.333333 1.333333 901.000000 
7123 22 21 33.000000 900.000000 1 1.000000 1.000000 901.000000 
7124 20 0 401.000000 2800.000000 1 14.333333 14.333334 2801.000000 
7127 5 15 43.000000 2800.000000 1 1.000000 1.000000 2801.000000 
7128 6 12 225.000000 2800.000000 1 10.000000 10.000000 2801.000000 
7129 14 15 423.000000 2800.000000 1 11.333333 11.333334 2801.000000 
7130 7 16 239.000000 2800.000000 1 11.000000 11.000000 2801.000000 
7132 17 9 37.000000 2800.000000 1 1.333333 1.333333 2801.000000 
7134 17 16 34.000000 2400.000000 1 0.666667 0.666667 2401.000000 
7135 11 17 17.000000 2800.000000 1 0.666667 0.666667 2801.000000 
7136 16 10 18.000000 2800.000000 1 0.333333 0.333334 2801.000000 
7138 13 7 118.000000 2800.000000 1 15.333333 15.333334 2801.000000 
7141 14 12 35.000000 600.000000 1 1.000000 1.000000 601.000000 
7142 12 14 35.000000 600.000000 1 1.000000 1.000000 601.000000 
7143 12 13 123.000000 2800.000000 1 3.666667 3.666666 2801.000000 
7144 8 14 241.000000 2800.000000 1 8.333333 8.333334 2801.000000 
7145 10 11 34.000000 2400.000000 1 0.666667 0.666667 2401.000000 
7146 9 8 199.000000 2800.000000 1 12.666667 12.666666 2801.000000 
7147 8 7 35.000000 600.000000 1 1.666667 1.666667 601.000000 
7150 5 6 182.000000 2800.000000 1 11.666667 11.666666 2801.000000 
7225 1 2 317.000000 2800.000000 1 14.000000 14.000000 2801.000000 
7231 2 3 181.000000 2800.000000 1 8.666667 8.666666 2801.000000 
7234 4 33 308.000000 2800.000000 1 11.333333 11.333334 2801.000000 
7236 3 0 25.000000 900.000000 1 0.666667 0.666667 901.000000 
7237 0 3 25.000000 900.000000 1 1.000000 1.000000 901.000000 
7241 0 4 414.000000 2800.000000 1 12.666667 12.666666 2801.000000 
