# id x y
913 0.367853 1.65223
914 0.380901 2.12758
915 0.241714 1.89829
954 0.0236122 2.41838
955 0.628829 2.19655
916 0.920253 2.27795
917 1.221 2.3519
956 0.196354 2.7241
972 0.444282 2.60044
918 0.945729 2.65699
877 1.21106 2.65326
878 0.753725 1.85107
879 0.981148 1.86847
880 1.24834 1.91507
881 0.805299 2.06979
919 1.11226 2.1369
920 1.33968 2.0642
882 1.32477 1.57518
883 1.59506 1.40182
884 1.58201 1.95235
885 1.75289 1.80757
921 0.372824 1.46582
957 0.928952 1.52236
922 0.421291 0.790386
923 0.328706 1.07311
886 1.05198 0.853145
924 0.957535 1.13276
887 1.25393 1.24337
888 1.99771 0.738812
889 1.56462 1.09175
925 1.55157 0.785415
890 1.8461 1.02278
891 1.90016 1.44842
958 2.06544 1.29867
926 2.02692 1.75476
927 2.19717 1.64105
892 1.3751 3.47161
970 1.39187 3.19013
893 1.77775 3.29017
894 1.19366 3.88607
895 1.7299 3.85935
928 2.01946 3.19883
896 2.06855 3.55674
929 2.31648 3.02671
930 2.52899 2.90802
959 2.43889 3.30197
931 2.54701 3.52256
960 2.82352 2.78064
897 2.86764 2.57808
898 3.24916 3.13918
961 2.977 3.03292
932 2.81668 3.30135
933 3.26469 2.1804
934 3.1255 2.41093
899 3.34361 2.53582
973 3.6282 2.6719
900 1.56648 2.34009
901 1.64042 2.62716
902 1.56337 2.78996
935 1.84858 2.73155
936 1.77526 2.21457
962 1.84734 2.46312
937 1.98031 2.73528
938 2.163 2.66817
939 1.98591 2.32891
903 1.96416 2.05923
904 2.24502 2.33823
940 2.65699 2.36432
941 2.52837 2.52464
942 2.35749 2.63586
974 3.74004 1.88835
963 2.63773 2.07601
943 2.2444 1.96354
944 2.50848 1.65782
945 2.67998 1.55157
964 2.94158 1.65658
905 3.09195 1.85107
906 3.27339 1.93495
965 3.21436 1.54225
946 3.49398 1.56648
966 3.84257 1.42294
971 4.1458 1.41673
907 3.40574 1.19366
908 3.66299 1.10232
947 3.89974 1.03583
948 4.16568 0.994818
967 3.14042 0.927088
949 3.55612 0.812134
950 3.79783 0.817105
909 4.03209 0.707744
951 2.36619 1.05198
952 2.44386 1.36951
968 2.96395 1.23405
910 2.7794 0.649956
969 2.95711 0.85998
911 2.72596 1.06193
912 3.60023 0.306958
953 3.77981 0.280239
0 0.933923 2.79307
1 0.933302 2.79431
2 0 2.06047
3 0.026719 2.72037
4 2.0729 0.537487
5 1.95857 0.579741
6 1.33098 0.712093
7 3.66548 1.25393
8 3.97865 1.22597
9 3.7823 1.25331
10 3.67107 1.26946
11 2.74833 3.04659
12 2.73093 3.05653
13 3.9221 1.21789
14 2.74088 3.03603
15 2.7241 3.04721
16 2.73528 2.49792
17 2.98507 3.34733
18 2.97016 3.35666
19 2.94779 3.33988
20 2.74709 2.5178
21 2.76635 3.07331
22 2.84527 3.19075
23 2.82911 3.20069
24 2.96333 3.33056
25 2.93412 2.28914
26 2.97265 2.23383
27 2.98942 2.24751
28 2.90678 2.36805
29 3.05778 3.42376
30 2.8869 3.28582
31 2.85459 2.40596
32 2.8695 2.42149
33 1.94862 1.93806
34 1.69448 4.05881
35 1.68516 4.12405
36 1.77029 2.02878
37 1.68206 3.9743
38 1.6746 4.06005
39 1.68268 3.90222
40 1.93433 1.91383
41 1.70567 3.94634
42 1.70256 3.983
43 1.78396 2.04929
44 1.70194 3.90036
45 2.39601 2.57559
46 2.33077 2.47866
47 2.34755 2.46685
48 3.36287 1.52112
49 3.31627 1.62489
50 2.1195 2.13131
51 2.10273 2.13939
52 3.19883 1.89084
53 3.17894 1.88214
54 2.29846 2.39601
55 3.12861 1.99585
56 3.13172 2.03686
57 3.11308 2.02692
58 2.49108 2.67563
59 2.25123 2.36184
60 3.25972 1.75351
61 3.22865 1.82373
62 3.23922 1.74481
63 3.12799 2.04307
64 3.34361 1.50248
65 2.1748 2.2444
66 3.13793 2.02692
67 3.11867 2.01698
68 2.18723 2.23383
69 2.47306 2.68682
70 3.41941 1.30613
71 3.41506 1.33036
72 3.41879 1.29121
73 3.34423 1.07063
74 3.36411 1.06565
75 1.96851 1.92563
76 3.38151 1.4652
77 3.3927 1.48384
78 1.9536 1.90326
79 2.56441 2.65015
80 2.55384 2.65761
81 2.69427 2.55757
82 2.68309 2.56565
83 3.35852 1.46271
84 2.67501 2.54452
85 2.55074 2.63462
86 3.39704 1.30923
87 3.39891 1.2937
88 3.31378 0.950079
89 3.33366 0.944487
90 2.50289 2.69241
91 4.22782 1.19117
92 4.22596 1.17502
93 2.11018 2.90305
94 2.10397 2.88503
95 3.03354 2.18413
96 3.05653 2.11267
97 4.27132 1.18434
98 2.48425 2.70359
99 3.07393 2.12509
100 4.11224 1.19055
101 2.00082 2.01014
102 2.11702 2.88193
103 2.12323 2.89933
104 2.03251 2.01635
105 2.30467 2.77691
106 2.31523 2.79618
107 2.20525 2.83284
108 3.25599 0.712093
109 3.297 0.794736
110 2.6545 2.94469
111 2.56503 2.78189
112 2.59858 2.83097
113 2.21395 2.85086
114 2.61349 2.88938
115 2.37178 2.76511
116 3.27712 0.807163
117 3.3958 1.19179
118 3.39394 1.18434
119 2.5439 2.79307
120 2.36246 2.74647
121 2.29224 3.4946
122 2.30343 3.48839
123 1.54784 1.41673
124 1.50434 1.35149
125 2.25683 3.29576
126 2.26615 3.33366
127 2.35438 3.73756
128 2.34879 3.71394
129 2.25434 3.34174
130 1.4857 1.28935
131 1.5932 1.47141
132 1.51677 1.33782
133 1.55219 1.39063
134 2.27174 3.41196
135 2.25745 3.35603
136 1.6137 1.49192
137 2.3637 3.73134
138 2.35873 3.70773
139 2.26987 3.34796
140 1.46768 1.28997
141 1.48757 1.32415
142 1.60563 1.4596
143 2.3258 3.58035
144 1.62613 1.48135
145 1.65534 1.50124
146 2.24626 3.30819
147 1.68268 1.53665
148 2.21457 3.15098
149 2.25185 3.1255
150 2.16238 3.01179
151 2.19407 3.09071
152 2.21954 3.21312
153 2.20214 3.11432
154 2.16983 3.06772
155 2.14933 3.01739
156 3.21063 1.33657
157 2.84775 1.38815
158 3.0876 1.33844
159 1.37696 1.13587
160 2.84029 1.37386
161 2.83905 1.39001
162 1.37199 1.14892
163 1.3664 1.14084
164 1.81752 2.11391
165 2.05985 2.75703
166 1.82249 2.15554
167 2.18475 2.55508
168 1.83616 2.14809
169 2.0176 2.163
170 2.03562 2.63338
171 2.02195 2.64021
172 2.0903 2.84464
173 1.88338 2.26428
174 1.89767 2.25496
175 2.30219 3.30881
176 2.31089 3.32062
177 3.18578 2.19593
178 3.14477 2.2562
179 3.19821 2.77878
180 3.44116 2.1717
181 3.5499 2.21333
182 3.6661 2.24751
183 3.66921 2.25931
184 3.55425 2.20587
185 3.19323 2.78748
186 3.10127 2.3171
187 1.68019 3.87799
188 2.55571 3.1485
189 1.77153 2.05799
190 2.56192 3.15968
191 1.70008 3.87737
192 1.75973 2.03872
193 0.83761 1.19428
194 0.788522 0.895398
195 0.219966 2.05115
196 0.0969341 2.10956
197 0.170256 2.14622
198 0.227422 1.98715
199 0.597139 1.80136
200 0.252277 1.77153
201 0.458573 2.01387
202 0.87365 0.905961
203 0.993575 1.21478
204 0.567313 2.02816
205 0.23985 2.18288
206 0.577255 1.97348
207 0.258491 2.19345
208 2.75765 2.63835
209 2.7446 2.64829
210 2.64767 2.72037
211 1.99026 2.49916
212 1.60314 3.15906
213 1.60128 3.10997
214 1.59506 3.01117
215 1.61868 3.00931
216 1.61805 3.04411
217 0.666733 1.23591
218 0.735084 1.35086
219 0.653684 1.33968
220 0.533759 1.30488
221 0.531274 1.32477
222 0.645606 1.40182
223 0.919632 1.35086
224 1.91942 2.29722
225 0.917146 1.37199
226 0.65617 1.3198
227 0.735705 1.32849
228 0.452981 1.29556
229 0.813998 1.36205
230 0.817105 1.33844
231 0.639393 1.44842
232 0.663005 1.27568
233 2.30405 3.74129
234 2.13628 3.43806
235 2.035 3.50578
236 1.95981 3.55736
237 2.09713 3.83573
238 2.1021 3.8115
239 3.93453 0.810891
240 3.93826 0.817105
241 3.73072 1.05696
242 3.57476 1.10045
243 3.89476 0.868058
244 4.01469 0.730113
245 3.79659 1.01284
246 3.72762 1.04639
247 3.79348 1.00165
248 4.02587 0.705879
249 4.03333 0.699044
250 3.82269 0.954429
251 3.83449 0.951943
252 3.82641 0.964992
253 3.63627 1.07187
254 2.96146 2.52029
255 3.31689 2.11142
256 2.9857 2.90865
257 3.25724 2.08719
258 3.09879 2.82973
259 3.25351 2.09651
260 3.18143 2.77505
261 2.95587 2.53023
262 2.79618 3.00434
263 3.18888 2.76884
264 2.12944 3.42625
265 1.95235 3.54555
266 1.91631 3.48714
267 1.66279 3.46788
268 2.02816 3.4946
269 1.64105 3.47037
270 2.04804 3.26594
271 1.93123 3.34671
272 1.65223 3.59216
273 1.6485 3.53996
274 1.85853 3.39456
275 0.7966 1.48073
276 0.680403 1.11288
277 0.674811 1.17626
278 2.25869 0.58844
279 0.786658 1.54535
280 2.33077 0.700287
281 0.97307 1.36018
282 0.976177 1.33844
283 0.755589 1.18434
284 0.518846 1.38566
285 0.512633 1.43164
286 0.969341 1.37758
287 0.985497 3.94137
288 1.54349 3.88669
289 1.49378 3.89041
290 1.67025 3.77795
291 1.32601 3.71954
292 1.66093 3.68412
293 1.3956 3.92335
294 1.34589 3.92521
295 1.54411 3.91278
296 1.20981 3.83138
297 1.44593 3.91962
298 1.23777 3.72575
299 1.2415 3.71208
300 3.48839 0.231772
301 3.39642 0.272783
302 2.86204 1.45774
303 2.84962 1.46085
304 2.84029 1.40803
305 2.89249 1.45153
306 2.06109 3.71705
307 2.69179 3.2765
308 2.73777 3.47285
309 2.77132 3.53313
310 2.86639 3.42749
311 2.75268 3.49957
312 2.58802 3.20939
313 2.6427 3.30384
314 1.72058 2.99191
315 2.44137 3.68412
316 1.69324 2.99315
317 1.71872 2.98197
318 1.77899 2.96271
319 2.46126 3.67231
320 2.42957 3.66424
321 2.51035 3.61577
322 2.52774 3.6052
323 2.05426 2.89808
324 2.00206 2.90927
325 2.00952 2.9248
326 2.52215 3.63689
327 2.62219 3.5468
328 2.63338 3.56854
329 2.44945 3.65181
330 2.84651 2.41528
331 2.86204 2.43081
332 2.11515 0.824562
333 2.02816 0.859358
334 2.00641 0.710229
335 1.96727 0.60646
336 3.46912 0.748133
337 3.3579 0.777959
338 1.99212 0.716443
339 2.07787 0.562964
340 2.12012 0.661762
341 2.31026 0.712715
342 2.1748 0.797221
343 2.01573 0.829533
344 1.97845 0.740055
345 1.9623 0.728249
346 3.46975 0.905961
347 3.54307 1.02154
348 1.73239 0.729492
349 1.80695 0.676054
350 2.84837 3.39829
351 2.69738 3.39953
352 1.52236 3.68225
353 1.66031 3.66858
354 2.78251 3.55363
355 1.18744 3.91341
356 1.59569 2.97265
357 1.62738 2.43578
358 1.73177 2.83346
359 1.91321 0.687238
360 1.89332 0.636286
361 1.94925 0.733841
362 1.93495 0.740676
363 1.85542 1.03894
364 1.82684 0.940137
365 1.76656 0.956293
366 1.75103 2.00082
367 1.83119 0.664869
368 1.86971 0.922739
369 1.63421 3.03976
370 1.72182 3.17584
371 1.78831 3.1311
372 1.81814 3.17584
373 1.74979 3.21995
374 1.70753 3.01676
375 1.78955 3.28333
376 1.87903 2.95649
377 4.10355 0.645606
378 4.10852 0.654305
379 3.92708 0.924603
380 3.71705 0.28956
381 3.84754 0.254141
382 4.03395 0.983633
383 3.95442 0.342998
384 3.69903 0.294531
385 3.6866 0.254141
386 4.00102 0.408242
387 3.94261 0.210645
388 3.9569 0.308822
389 3.88109 0.955671
390 3.88669 0.0385251
391 3.70711 0.234258
392 3.97989 0.889806
393 4.08118 0.391465
394 3.65802 0.305094
395 3.62571 0.31255
396 3.94696 0
397 3.54369 2.20152
398 3.64373 0.296395
399 3.67791 0.142916
400 3.9221 0.130488
401 3.60893 0.17647
402 3.54555 0.378416
403 3.55363 0.415698
404 3.20628 0.582226
405 3.71022 0.981769
406 3.69406 0.920874
407 3.62385 0.666733
408 3.65181 0.769259
409 3.67045 0.835746
410 3.72886 0.813377
411 3.65367 0.994818
412 4.09298 0.451117
413 4.24833 0.788522
414 4.19675 0.81462
415 4.16941 0.76491
416 4.28685 0.98674
417 4.2272 0.872407
418 4.05508 1.63359
419 3.75931 1.58761
420 3.61825 1.62613
421 3.73694 1.51118
422 3.72389 1.46333
423 3.44178 1.6746
424 3.70525 1.39747
425 4.05694 1.0234
426 4.31978 1.0495
427 4.08925 1.08181
428 4.20856 1.06503
429 4.13772 1.07497
430 2.26552 1.49875
431 2.24067 1.50931
432 2.25745 1.48384
433 2.28417 1.47203
434 2.2562 1.28065
435 2.29846 1.44842
436 2.28665 1.413
437 2.32456 1.44034
438 2.33015 0.755589
439 2.35376 0.784794
440 2.35438 1.4683
441 2.3345 1.49316
442 2.31337 1.49875
443 2.34755 0.745647
444 2.35065 1.44966
445 2.291 1.48881
446 2.76759 2.32766
447 3.02546 1.81441
448 2.4333 2.40782
449 3.08822 1.68019
450 3.13296 1.86163
451 3.19013 1.72431
452 2.59672 2.45007
453 2.37799 1.84051
454 2.36308 1.79887
455 2.55571 2.39974
456 2.63773 2.49916
457 3.14601 1.70443
458 2.37675 1.80012
459 2.26987 1.00725
460 2.26366 0.993575
461 2.39974 0.896641
462 2.4072 0.915282
463 0.797843 0.819591
464 0.789765 0.884213
465 1.05074 0.916525
466 1.27133 1.76159
467 1.12966 0.799085
468 0.734463 0.691588
469 1.05696 0.852523
470 1.16259 1.72307
471 1.17253 0.863708
472 2.08719 1.1396
473 2.17791 1.09859
474 2.16611 1.1309
475 2.13566 1.13028
476 2.09589 1.15327
477 2.14746 1.12344
478 2.14249 1.10915
479 2.1543 1.11971
480 1.89581 1.25082
481 1.88587 1.25704
482 1.88524 1.19366
483 1.89643 1.26077
484 2.1922 1.80074
485 2.1021 1.84486
486 2.42211 0.980526
487 2.13007 1.8113
488 2.09154 1.83056
489 1.8287 1.71064
490 1.87903 1.79204
491 1.92004 1.85977
492 2.05923 1.56959
493 2.99564 1.87841
494 3.01242 1.96167
495 2.96954 1.9393
496 2.96395 1.94987
497 2.9074 1.92066
498 2.71788 0.953186
499 3.03665 1.98653
500 2.84713 1.87592
501 2.84154 1.88649
502 2.51097 1.44096
503 2.52899 1.56337
504 2.5091 1.42605
505 2.66942 1.41673
506 2.46312 1.19179
507 3.23735 1.09672
508 3.13918 1.11909
509 2.44634 1.09983
510 2.51905 1.79204
511 2.34009 1.53044
512 3.0528 1.07746
513 2.61163 1.69386
514 2.46809 2.28541
515 2.31523 2.16424
516 2.12758 2.1282
517 2.15554 2.1164
518 2.34692 1.9654
519 2.39291 1.91507
520 2.15865 2.13193
521 2.419 2.18723
522 2.40471 2.20525
523 2.38483 2.1804
524 2.49792 1.80509
525 3.94385 1.61557
526 2.87571 3.17149
527 3.02609 3.29141
528 3.53934 2.2096
529 3.48839 2.18972
530 3.47969 2.18661
531 3.22741 0.343619
532 3.12053 0.388979
533 2.75641 0.621994
534 2.60231 0.789765
535 2.76138 0.605838
536 3.16714 0.367853
537 2.97203 0.475972
538 2.59299 0.779201
539 2.96892 0.469136
540 3.25661 3.17273
541 3.04038 3.31316
542 3.39642 3.10438
543 3.34858 3.13483
544 2.68433 2.24253
545 2.72783 2.28354
546 1.74295 1.5758
547 1.56337 1.29121
548 1.64974 1.3664
549 1.82559 1.49689
550 1.64726 1.20608
551 1.64664 1.26884
552 1.79825 1.7007
553 1.7473 1.61433
554 1.76159 1.26698
555 1.56772 1.28935
556 1.70132 1.42667
557 1.71437 1.39498
558 1.73052 1.349
559 1.86288 1.41922
560 1.8113 1.72182
561 1.87282 1.38753
562 1.88587 1.26698
563 1.88214 1.32104
564 1.76905 1.61308
565 1.75786 1.59693
566 1.80757 1.55778
567 2.04556 1.57642
568 2.05239 1.59196
569 1.81689 1.68951
570 2.08595 1.5758
571 1.77526 1.57145
572 1.86225 1.69013
573 1.85045 1.67211
574 1.79266 1.5466
575 1.88152 1.42854
576 1.89519 1.3229
577 1.61681 2.13752
578 1.52298 2.16362
579 1.82062 1.26201
580 1.42294 1.44283
581 1.52982 2.13379
582 1.51926 2.15368
583 1.6106 2.12758
584 1.54349 2.14684
585 1.61743 1.05944
586 1.477 1.38442
587 1.5031 1.00165
588 1.51677 2.16548
589 1.73363 0.958778
590 1.68765 0.988604
591 1.87592 1.12096
592 1.89643 1.85293
593 1.86412 1.80198
594 1.56275 0.907204
595 1.71499 0.960021
596 1.90886 1.86909
597 1.64291 0.811513
598 1.65409 0.926467
599 1.59071 0.867436
600 1.88711 1.82124
601 1.95235 2.67501
602 1.28686 2.45567
603 1.3229 2.52029
604 1.29991 2.53396
605 1.24523 2.52215
606 1.22721 2.49419
607 1.33782 2.20214
608 1.32974 1.55157
609 1.41362 2.18288
610 2.66817 1.82
611 2.77319 1.06938
612 2.80736 1.15948
613 2.72161 0.961264
614 2.62219 1.21416
615 2.47244 1.2384
616 2.6545 1.25952
617 2.95711 1.02651
618 2.62468 1.21727
619 1.73487 1.59444
620 1.26636 1.97099
621 0.997303 0.920874
622 1.18931 2.16735
623 0.282103 2.20712
624 1.38193 1.89457
625 1.25269 2.03562
626 1.24834 1.87655
627 1.50372 2.16859
628 1.23342 1.78769
629 1.45339 2.18475
630 1.51863 2.1891
631 1.51926 2.19096
632 1.41673 2.19531
633 1.51553 1.70878
634 1.5379 2.23818
635 1.5497 2.26242
636 1.5671 2.28914
637 1.35149 2.27733
638 1.33719 2.21519
639 0.493991 2.30654
640 0.257248 1.72617
641 0.396436 2.26055
642 0.202568 2.16362
643 0.674811 2.34941
644 0.212509 2.09838
645 0.259112 1.70629
646 0.272161 2.41714
647 0.614538 1.65534
648 0.766774 1.6833
649 0.766774 1.69138
650 0.305094 2.09838
651 0.630072 1.52671
652 0.815862 1.88276
653 0.845067 1.98156
654 0.68786 1.93309
655 0.786037 1.78831
656 0.600867 1.77216
657 0.918389 1.8461
658 0.981769 1.82124
659 1.01657 1.80757
660 1.0613 1.80385
661 1.05447 1.7852
662 1.21913 1.80944
663 1.24461 1.6454
664 1.19241 1.80074
665 1.27568 2.97078
666 1.49254 3.02111
667 1.13463 3.38462
668 1.49689 3.44675
669 1.62178 2.79804
670 1.40306 3.43184
671 1.31731 3.41755
672 0.110604 2.31213
673 1.63172 2.51905
674 1.64664 2.51967
675 1.6019 2.79245
676 1.62862 2.66445
677 0.0932059 2.63959
678 0.193247 2.5147
679 0.175227 2.35314
680 0.494613 2.13566
681 1.20111 0.944487
682 0.802814 1.84361
683 0.464787 2.17356
684 1.04826 0.927088
685 1.28997 1.22535
686 1.06068 1.23218
687 1.29308 1.03396
688 1.03894 1.38628
689 1.2297 1.3055
690 1.04515 1.22721
691 1.09362 1.38131
692 1.19552 0.953186
693 1.16507 1.27568
694 1.17004 1.42419
695 1.14146 2.21022
696 1.16632 2.21209
697 1.00662 2.19158
698 1.16321 2.2183
699 1.08927 2.35687
700 1.0582 2.41838
701 1.01097 2.14809
702 0.930195 2.16362
703 1.68206 3.68101
704 1.69076 3.77546
705 1.6951 3.82703
706 1.68578 3.72948
707 1.68143 3.66672
708 1.27009 1.70505
709 1.48694 1.70008
710 1.31793 1.56213
711 1.52423 1.83119
712 1.44842 1.86598
713 1.53665 1.72804
714 1.66279 1.79577
715 1.60501 1.82124
716 1.62116 1.81814
717 1.76346 1.72617
718 1.19552 2.70856
719 1.25207 2.73466
720 1.58139 2.94904
721 1.07995 2.59237
722 1.11288 2.64021
723 1.27879 2.74025
724 1.14333 2.68495
725 1.59631 2.94717
726 1.40182 2.6601
727 1.50994 2.83346
728 1.30737 2.87509
729 1.20857 2.82725
730 1.349 2.7502
731 1.02154 2.57621
732 1.10107 2.77567
733 3.71705 2.36681
734 3.70649 2.34382
735 3.38213 2.9888
736 3.75744 2.45877
737 3.68723 2.29908
738 3.69841 2.32456
739 3.67666 2.27671
740 2.83222 1.32166
741 2.87447 1.14519
742 2.85086 1.12158
743 2.86764 1.13835
744 0.710229 0.87365
745 0.60646 0.85998
746 0.644985 0.805299
747 0.286453 1.49502
748 0.731356 0.709608
749 0.718307 0.809027
750 0.704015 0.933302
751 0.577877 0.917768
752 0.187033 0.727006
753 0.32125 1.28065
754 0.154722 0.892913
755 0.148508 0.812756
756 0.690966 0.745647
757 0.34859 1.19552
758 0.319386 1.19241
759 0.254141 0.635043
760 0.264705 0.636286
761 0.471001 0.842581
762 0.43434 0.946972
763 0.223694 0.690345
764 0.534381 0.667976
765 0.182062 1.16445
766 0.216859 0.684753
767 0.159071 0.93268
768 0.161557 1.26263
769 1.24026 3.93391
770 1.29432 3.92956
771 1.18806 3.93764
772 1.81627 3.63192
773 1.8113 3.62136
774 1.78148 3.43743
775 3.50081 2.27733
776 3.46726 2.34195
777 3.5412 2.22638
778 3.3318 2.54141
779 3.25599 2.68371
780 0.68786 1.05074
781 0.564828 1.03707
782 0.571663 0.979283
783 0.57042 0.983012
784 0.550536 1.16135
785 0.544323 1.21975
786 0.400785 1.28997
787 0.474107 1.21168
788 0.558614 1.09921
789 1.41611 1.09486
790 1.42605 1.08492
791 1.63856 0.515118
792 1.3229 1.08367
793 0.749997 2.09278
794 0.792872 2.10832
795 0.605217 2.3376
796 0.5611 2.32891
797 0.550536 2.3258
798 0.776095 2.36867
799 1.63235 1.83119
800 1.57642 1.9654
801 1.53106 1.8548
802 1.57829 1.97162
803 1.76035 1.75662
804 1.54287 2.1021
805 1.56772 2.03313
806 1.71312 1.96975
807 1.6137 1.83305
808 1.77588 1.74606
809 1.74047 2.00766
810 1.74606 2.01573
811 1.54722 1.83305
812 1.69883 1.92626
813 0.952564 2.75765
814 0.968099 2.7272
815 1.01035 2.4103
816 0.974312 2.71416
817 0.855009 2.38421
818 0.936409 2.40285
819 2.94158 2.49978
820 2.93412 2.50662
821 2.89249 2.53831
822 2.8987 2.46871
823 2.84651 2.57248
824 2.73777 2.27422
825 2.56006 2.21706
826 2.65575 2.23694
827 2.78561 1.85542
828 2.54204 1.7939
829 2.53334 1.80695
830 0.163421 1.48197
831 0.292045 1.45215
832 0.159693 1.27319
833 0.3169 1.29805
834 0.162178 1.3782
835 0.301366 1.40057
836 0.397679 1.30985
837 0.435582 1.42108
838 2.01698 3.82455
839 3.39207 3.09381
840 2.68557 1.64477
841 2.65823 0.857494
842 2.62033 1.70815
843 2.23446 1.5118
844 2.36184 1.60998
845 2.35625 1.6572
846 2.3606 1.7821
847 2.2009 1.77961
848 2.23197 1.77588
849 2.32393 1.53665
850 2.3463 1.61495
851 2.37737 1.78334
852 2.099 1.56897
853 3.37902 1.80633
854 3.31875 1.94614
855 3.40699 1.74171
856 3.34858 1.87717
857 3.43246 1.67646
858 3.89911 0.750618
859 0.969963 3.95007
860 0.0379037 2.70981
861 0.134838 0.812134
862 2.1922 0.551158
863 1.70753 1.54225
864 1.70008 1.55032
865 3.1255 2.69489
866 3.59464 0.560478
867 4.31668 1.16197
868 4.13524 1.64602
869 2.09527 1.01843
870 2.09838 1.02651
871 2.11764 1.06193
872 3.32372 2.11453
873 0.766153 1.72742
874 1.40244 2.66072
875 1.47327 1.03521
876 1.00538 3.94012
