# id node_number1 node_number2 length capacity type alpha beta gamma
#   where type is 0 for artificial and 1 for a real link
7236 314 257 0.000000 999999.000000 0
7237 257 314 0.000000 999999.000000 0
7238 315 206 0.000000 999999.000000 0
7239 206 315 0.000000 999999.000000 0
7240 316 161 0.000000 999999.000000 0
7241 161 316 0.000000 999999.000000 0
7242 316 196 0.000000 999999.000000 0
7243 196 316 0.000000 999999.000000 0
7244 316 281 0.000000 999999.000000 0
7245 281 316 0.000000 999999.000000 0
7246 317 28 0.000000 999999.000000 0
7247 28 317 0.000000 999999.000000 0
7248 317 114 0.000000 999999.000000 0
7249 114 317 0.000000 999999.000000 0
7250 317 117 0.000000 999999.000000 0
7251 117 317 0.000000 999999.000000 0
7252 317 265 0.000000 999999.000000 0
7253 265 317 0.000000 999999.000000 0
7254 318 130 0.000000 999999.000000 0
7255 130 318 0.000000 999999.000000 0
7256 319 292 0.000000 999999.000000 0
7257 292 319 0.000000 999999.000000 0
7258 319 294 0.000000 999999.000000 0
7259 294 319 0.000000 999999.000000 0
7260 320 239 0.000000 999999.000000 0
7261 239 320 0.000000 999999.000000 0
7262 321 288 0.000000 999999.000000 0
7263 288 321 0.000000 999999.000000 0
7264 322 251 0.000000 999999.000000 0
7265 251 322 0.000000 999999.000000 0
7266 323 262 0.000000 999999.000000 0
7267 262 323 0.000000 999999.000000 0
7268 324 256 0.000000 999999.000000 0
7269 256 324 0.000000 999999.000000 0
7270 324 261 0.000000 999999.000000 0
7271 261 324 0.000000 999999.000000 0
7272 325 54 0.000000 999999.000000 0
7273 54 325 0.000000 999999.000000 0
7274 326 36 0.000000 999999.000000 0
7275 36 326 0.000000 999999.000000 0
7276 314 258 0.000000 999999.000000 0
7277 258 314 0.000000 999999.000000 0
7278 315 203 0.000000 999999.000000 0
7279 203 315 0.000000 999999.000000 0
7280 315 204 0.000000 999999.000000 0
7281 204 315 0.000000 999999.000000 0
7282 316 279 0.000000 999999.000000 0
7283 279 316 0.000000 999999.000000 0
7284 327 147 0.000000 999999.000000 0
7285 147 327 0.000000 999999.000000 0
7286 318 131 0.000000 999999.000000 0
7287 131 318 0.000000 999999.000000 0
7288 318 142 0.000000 999999.000000 0
7289 142 318 0.000000 999999.000000 0
7290 318 145 0.000000 999999.000000 0
7291 145 318 0.000000 999999.000000 0
7292 328 84 0.000000 999999.000000 0
7293 84 328 0.000000 999999.000000 0
7294 329 63 0.000000 999999.000000 0
7295 63 329 0.000000 999999.000000 0
7296 329 65 0.000000 999999.000000 0
7297 65 329 0.000000 999999.000000 0
7298 329 67 0.000000 999999.000000 0
7299 67 329 0.000000 999999.000000 0
7300 330 180 0.000000 999999.000000 0
7301 180 330 0.000000 999999.000000 0
7302 330 181 0.000000 999999.000000 0
7303 181 330 0.000000 999999.000000 0
7304 330 185 0.000000 999999.000000 0
7305 185 330 0.000000 999999.000000 0
7306 330 186 0.000000 999999.000000 0
7307 186 330 0.000000 999999.000000 0
7308 319 134 0.000000 999999.000000 0
7309 134 319 0.000000 999999.000000 0
7310 319 138 0.000000 999999.000000 0
7311 138 319 0.000000 999999.000000 0
7312 320 242 0.000000 999999.000000 0
7313 242 320 0.000000 999999.000000 0
7314 331 10 0.000000 999999.000000 0
7315 10 331 0.000000 999999.000000 0
7316 331 11 0.000000 999999.000000 0
7317 11 331 0.000000 999999.000000 0
7318 331 18 0.000000 999999.000000 0
7319 18 331 0.000000 999999.000000 0
7320 331 191 0.000000 999999.000000 0
7321 191 331 0.000000 999999.000000 0
7322 332 104 0.000000 999999.000000 0
7323 104 332 0.000000 999999.000000 0
7324 332 311 0.000000 999999.000000 0
7325 311 332 0.000000 999999.000000 0
7326 333 113 0.000000 999999.000000 0
7327 113 333 0.000000 999999.000000 0
7328 322 198 0.000000 999999.000000 0
7329 198 322 0.000000 999999.000000 0
7330 322 249 0.000000 999999.000000 0
7331 249 322 0.000000 999999.000000 0
7332 322 250 0.000000 999999.000000 0
7333 250 322 0.000000 999999.000000 0
7334 323 259 0.000000 999999.000000 0
7335 259 323 0.000000 999999.000000 0
7336 323 260 0.000000 999999.000000 0
7337 260 323 0.000000 999999.000000 0
7338 324 271 0.000000 999999.000000 0
7339 271 324 0.000000 999999.000000 0
7340 334 245 0.000000 999999.000000 0
7341 245 334 0.000000 999999.000000 0
7342 335 91 0.000000 999999.000000 0
7343 91 335 0.000000 999999.000000 0
7344 335 93 0.000000 999999.000000 0
7345 93 335 0.000000 999999.000000 0
7346 335 95 0.000000 999999.000000 0
7347 95 335 0.000000 999999.000000 0
7348 335 100 0.000000 999999.000000 0
7349 100 335 0.000000 999999.000000 0
7350 336 92 0.000000 999999.000000 0
7351 92 336 0.000000 999999.000000 0
7352 336 97 0.000000 999999.000000 0
7353 97 336 0.000000 999999.000000 0
7354 336 98 0.000000 999999.000000 0
7355 98 336 0.000000 999999.000000 0
7356 336 245 0.000000 999999.000000 0
7357 245 336 0.000000 999999.000000 0
7358 337 94 0.000000 999999.000000 0
7359 94 337 0.000000 999999.000000 0
7360 338 100 0.000000 999999.000000 0
7361 100 338 0.000000 999999.000000 0
7362 338 101 0.000000 999999.000000 0
7363 101 338 0.000000 999999.000000 0
7364 338 127 0.000000 999999.000000 0
7365 127 338 0.000000 999999.000000 0
7366 325 57 0.000000 999999.000000 0
7367 57 325 0.000000 999999.000000 0
7368 325 96 0.000000 999999.000000 0
7369 96 325 0.000000 999999.000000 0
7370 326 34 0.000000 999999.000000 0
7371 34 326 0.000000 999999.000000 0
7372 326 38 0.000000 999999.000000 0
7373 38 326 0.000000 999999.000000 0
7374 326 39 0.000000 999999.000000 0
7375 39 326 0.000000 999999.000000 0
7376 339 210 0.000000 999999.000000 0
7377 210 339 0.000000 999999.000000 0
7378 339 212 0.000000 999999.000000 0
7379 212 339 0.000000 999999.000000 0
7380 339 215 0.000000 999999.000000 0
7381 215 339 0.000000 999999.000000 0
7382 339 244 0.000000 999999.000000 0
7383 244 339 0.000000 999999.000000 0
7384 340 46 0.000000 999999.000000 0
7385 46 340 0.000000 999999.000000 0
7386 340 212 0.000000 999999.000000 0
7387 212 340 0.000000 999999.000000 0
7388 340 216 0.000000 999999.000000 0
7389 216 340 0.000000 999999.000000 0
7390 341 29 0.000000 999999.000000 0
7391 29 341 0.000000 999999.000000 0
7392 341 68 0.000000 999999.000000 0
7393 68 341 0.000000 999999.000000 0
7394 342 226 0.000000 999999.000000 0
7395 226 342 0.000000 999999.000000 0
7396 343 218 0.000000 999999.000000 0
7397 218 343 0.000000 999999.000000 0
7398 343 221 0.000000 999999.000000 0
7399 221 343 0.000000 999999.000000 0
7400 343 302 0.000000 999999.000000 0
7401 302 343 0.000000 999999.000000 0
7402 314 255 0.000000 999999.000000 0
7403 255 314 0.000000 999999.000000 0
7404 315 148 0.000000 999999.000000 0
7405 148 315 0.000000 999999.000000 0
7406 327 148 0.000000 999999.000000 0
7407 148 327 0.000000 999999.000000 0
7408 328 83 0.000000 999999.000000 0
7409 83 328 0.000000 999999.000000 0
7410 328 85 0.000000 999999.000000 0
7411 85 328 0.000000 999999.000000 0
7412 328 86 0.000000 999999.000000 0
7413 86 328 0.000000 999999.000000 0
7414 329 61 0.000000 999999.000000 0
7415 61 329 0.000000 999999.000000 0
7416 344 71 0.000000 999999.000000 0
7417 71 344 0.000000 999999.000000 0
7418 344 72 0.000000 999999.000000 0
7419 72 344 0.000000 999999.000000 0
7420 344 80 0.000000 999999.000000 0
7421 80 344 0.000000 999999.000000 0
7422 344 102 0.000000 999999.000000 0
7423 102 344 0.000000 999999.000000 0
7424 345 118 0.000000 999999.000000 0
7425 118 345 0.000000 999999.000000 0
7426 345 119 0.000000 999999.000000 0
7427 119 345 0.000000 999999.000000 0
7428 345 120 0.000000 999999.000000 0
7429 120 345 0.000000 999999.000000 0
7430 320 241 0.000000 999999.000000 0
7431 241 320 0.000000 999999.000000 0
7432 320 301 0.000000 999999.000000 0
7433 301 320 0.000000 999999.000000 0
7434 346 135 0.000000 999999.000000 0
7435 135 346 0.000000 999999.000000 0
7436 346 139 0.000000 999999.000000 0
7437 139 346 0.000000 999999.000000 0
7438 346 234 0.000000 999999.000000 0
7439 234 346 0.000000 999999.000000 0
7440 332 105 0.000000 999999.000000 0
7441 105 332 0.000000 999999.000000 0
7442 332 107 0.000000 999999.000000 0
7443 107 332 0.000000 999999.000000 0
7444 333 105 0.000000 999999.000000 0
7445 105 333 0.000000 999999.000000 0
7446 321 289 0.000000 999999.000000 0
7447 289 321 0.000000 999999.000000 0
7448 323 256 0.000000 999999.000000 0
7449 256 323 0.000000 999999.000000 0
7450 324 197 0.000000 999999.000000 0
7451 197 324 0.000000 999999.000000 0
7452 334 199 0.000000 999999.000000 0
7453 199 334 0.000000 999999.000000 0
7454 347 121 0.000000 999999.000000 0
7455 121 347 0.000000 999999.000000 0
7456 347 127 0.000000 999999.000000 0
7457 127 347 0.000000 999999.000000 0
7458 337 58 0.000000 999999.000000 0
7459 58 337 0.000000 999999.000000 0
7460 337 60 0.000000 999999.000000 0
7461 60 337 0.000000 999999.000000 0
7462 337 92 0.000000 999999.000000 0
7463 92 337 0.000000 999999.000000 0
7464 338 96 0.000000 999999.000000 0
7465 96 338 0.000000 999999.000000 0
7466 325 32 0.000000 999999.000000 0
7467 32 325 0.000000 999999.000000 0
7468 340 29 0.000000 999999.000000 0
7469 29 340 0.000000 999999.000000 0
7470 341 30 0.000000 999999.000000 0
7471 30 341 0.000000 999999.000000 0
7472 341 31 0.000000 999999.000000 0
7473 31 341 0.000000 999999.000000 0
7474 348 243 0.000000 999999.000000 0
7475 243 348 0.000000 999999.000000 0
7476 348 296 0.000000 999999.000000 0
7477 296 348 0.000000 999999.000000 0
7478 348 297 0.000000 999999.000000 0
7479 297 348 0.000000 999999.000000 0
7480 342 213 0.000000 999999.000000 0
7481 213 342 0.000000 999999.000000 0
7482 342 225 0.000000 999999.000000 0
7483 225 342 0.000000 999999.000000 0
7484 342 227 0.000000 999999.000000 0
7485 227 342 0.000000 999999.000000 0
7486 343 219 0.000000 999999.000000 0
7487 219 343 0.000000 999999.000000 0
7488 349 218 0.000000 999999.000000 0
7489 218 349 0.000000 999999.000000 0
7490 349 221 0.000000 999999.000000 0
7491 221 349 0.000000 999999.000000 0
7492 349 302 0.000000 999999.000000 0
7493 302 349 0.000000 999999.000000 0
7494 350 122 0.000000 999999.000000 0
7495 122 350 0.000000 999999.000000 0
7496 350 123 0.000000 999999.000000 0
7497 123 350 0.000000 999999.000000 0
7498 350 252 0.000000 999999.000000 0
7499 252 350 0.000000 999999.000000 0
7500 350 253 0.000000 999999.000000 0
7501 253 350 0.000000 999999.000000 0
7502 327 83 0.000000 999999.000000 0
7503 83 327 0.000000 999999.000000 0
7504 327 84 0.000000 999999.000000 0
7505 84 327 0.000000 999999.000000 0
7506 345 61 0.000000 999999.000000 0
7507 61 345 0.000000 999999.000000 0
7508 346 0 0.000000 999999.000000 0
7509 0 346 0.000000 999999.000000 0
7510 333 13 0.000000 999999.000000 0
7511 13 333 0.000000 999999.000000 0
7512 333 14 0.000000 999999.000000 0
7513 14 333 0.000000 999999.000000 0
7514 321 286 0.000000 999999.000000 0
7515 286 321 0.000000 999999.000000 0
7516 334 92 0.000000 999999.000000 0
7517 92 334 0.000000 999999.000000 0
7518 334 97 0.000000 999999.000000 0
7519 97 334 0.000000 999999.000000 0
7520 347 100 0.000000 999999.000000 0
7521 100 347 0.000000 999999.000000 0
7522 347 101 0.000000 999999.000000 0
7523 101 347 0.000000 999999.000000 0
7524 348 229 0.000000 999999.000000 0
7525 229 348 0.000000 999999.000000 0
7526 314 144 0.000000 999999.000000 0
7527 144 314 0.000000 999999.000000 0
7528 321 106 0.000000 999999.000000 0
7529 106 321 0.000000 999999.000000 0
7530 351 275 0.000000 999999.000000 0
7531 275 351 0.000000 999999.000000 0
7532 349 219 0.000000 999999.000000 0
7533 219 349 0.000000 999999.000000 0
168 296 229 230.000000 2400.000000 1 5.666667 5.666666 2401.000000 
169 295 19 282.000000 2400.000000 1 13.000000 13.000000 2401.000000 
171 296 243 203.000000 2400.000000 1 6.000000 6.000000 2401.000000 
172 297 296 157.000000 2400.000000 1 3.666667 3.666666 2401.000000 
173 243 295 101.000000 2400.000000 1 2.333333 2.333334 2401.000000 
174 279 281 84.000000 2400.000000 1 6.000000 6.000000 2401.000000 
175 313 309 60.000000 2400.000000 1 1.666667 1.666667 2401.000000 
176 152 196 302.000000 2400.000000 1 11.666667 11.666666 2401.000000 
177 159 280 82.000000 2400.000000 1 2.000000 2.000000 2401.000000 
178 280 279 87.000000 2400.000000 1 3.333333 3.333334 2401.000000 
179 196 281 38.000000 900.000000 1 1.000000 1.000000 901.000000 
180 281 196 38.000000 900.000000 1 1.000000 1.000000 901.000000 
181 281 313 294.000000 2400.000000 1 7.333333 7.333334 2401.000000 
300 291 293 83.000000 2400.000000 1 3.000000 3.000000 2401.000000 
301 293 190 85.000000 2400.000000 1 2.000000 2.000000 2401.000000 
302 138 291 51.000000 2400.000000 1 1.666667 1.666667 2401.000000 
303 294 291 175.000000 900.000000 1 4.333333 4.333334 901.000000 
304 292 118 268.000000 900.000000 1 6.666667 6.666666 901.000000 
305 137 138 535.000000 2400.000000 1 25.333333 25.333333 2401.000000 
306 291 292 84.000000 900.000000 1 2.666667 2.666666 901.000000 
648 246 299 218.000000 2400.000000 1 7.333333 7.333334 2401.000000 
657 298 299 24.000000 900.000000 1 1.666667 1.666667 901.000000 
3396 20 290 170.000000 2400.000000 1 10.000000 10.000000 2401.000000 
3399 104 53 212.000000 600.000000 1 5.666667 5.666666 601.000000 
3403 291 290 15.000000 900.000000 1 0.333333 0.333334 901.000000 
3404 290 291 15.000000 900.000000 1 0.333333 0.333334 901.000000 
3406 105 104 117.000000 900.000000 1 3.000000 3.000000 901.000000 
3407 104 105 117.000000 900.000000 1 3.333333 3.333334 901.000000 
3410 290 134 46.000000 2400.000000 1 1.666667 1.666667 2401.000000 
3411 113 105 120.000000 900.000000 1 3.333333 3.333334 901.000000 
3412 105 134 514.000000 900.000000 1 13.000000 13.000000 901.000000 
3661 285 236 124.000000 900.000000 1 3.000000 3.000000 901.000000 
3662 140 288 430.000000 900.000000 1 11.333333 11.333334 901.000000 
3663 288 285 505.000000 900.000000 1 12.666667 12.666666 901.000000 
3664 289 106 178.000000 900.000000 1 10.666667 10.666666 901.000000 
3665 286 289 645.000000 900.000000 1 19.333333 19.333333 901.000000 
3666 287 286 219.000000 900.000000 1 6.666667 6.666666 901.000000 
3667 108 287 25.000000 900.000000 1 0.666667 0.666667 901.000000 
3690 144 284 199.000000 900.000000 1 9.666667 9.666666 901.000000 
3693 283 142 257.000000 900.000000 1 15.000000 15.000000 901.000000 
3694 284 151 141.000000 900.000000 1 10.333333 10.333334 901.000000 
3695 151 144 340.000000 900.000000 1 19.666667 19.666667 901.000000 
3701 117 300 514.000000 2400.000000 1 14.666667 14.666666 2401.000000 
3709 282 263 229.000000 900.000000 1 15.333333 15.333334 901.000000 
3710 267 283 221.000000 900.000000 1 7.333333 7.333334 901.000000 
3711 131 282 260.000000 900.000000 1 10.000000 10.000000 901.000000 
3712 300 133 138.000000 2400.000000 1 5.666667 5.666666 2401.000000 
3894 278 110 30.000000 900.000000 1 1.000000 1.000000 901.000000 
3895 110 278 30.000000 900.000000 1 0.666667 0.666667 901.000000 
3896 276 278 39.000000 900.000000 1 4.333333 4.333334 901.000000 
3897 278 276 39.000000 900.000000 1 1.000000 1.000000 901.000000 
3900 273 277 34.000000 900.000000 1 1.333333 1.333333 901.000000 
3901 277 272 74.000000 900.000000 1 2.000000 2.000000 901.000000 
3902 276 277 43.000000 900.000000 1 1.333333 1.333333 901.000000 
3903 277 276 43.000000 900.000000 1 2.000000 2.000000 901.000000 
3904 275 272 160.000000 900.000000 1 5.000000 5.000000 901.000000 
3905 274 241 235.000000 2400.000000 1 6.000000 6.000000 2401.000000 
3906 272 275 160.000000 900.000000 1 4.000000 4.000000 901.000000 
3907 272 273 40.000000 900.000000 1 1.666667 1.666667 901.000000 
4097 270 312 1.000000 900.000000 1 0.333333 0.333334 901.000000 
4100 312 271 327.000000 900.000000 1 8.333333 8.333334 901.000000 
4104 271 269 237.000000 900.000000 1 6.000000 6.000000 901.000000 
4105 268 271 218.000000 900.000000 1 7.333333 7.333334 901.000000 
4111 269 261 249.000000 2800.000000 1 11.000000 11.000000 2801.000000 
4131 197 269 39.000000 2800.000000 1 1.666667 1.666667 2801.000000 
4135 197 268 44.000000 900.000000 1 2.000000 2.000000 901.000000 
4896 157 194 25.000000 2800.000000 1 1.333333 1.333333 2801.000000 
4899 263 266 77.000000 2800.000000 1 2.666667 2.666666 2801.000000 
4900 194 267 34.000000 900.000000 1 1.666667 1.666667 901.000000 
4901 267 263 22.000000 2800.000000 1 0.666667 0.666667 2801.000000 
4904 265 117 82.000000 2800.000000 1 7.333333 7.333334 2801.000000 
4908 144 267 321.000000 2800.000000 1 17.333333 17.333333 2801.000000 
4914 266 264 74.000000 2800.000000 1 3.000000 3.000000 2801.000000 
4915 264 265 83.000000 2800.000000 1 5.333333 5.333334 2801.000000 
4916 263 157 34.000000 900.000000 1 7.000000 7.000000 901.000000 
5019 198 251 260.000000 2400.000000 1 8.666667 8.666666 2401.000000 
5023 250 260 468.000000 2400.000000 1 23.333333 23.333333 2401.000000 
5036 259 198 133.000000 2400.000000 1 7.333333 7.333334 2401.000000 
5039 262 256 215.000000 2400.000000 1 12.000000 12.000000 2401.000000 
5040 260 262 234.000000 2400.000000 1 9.333333 9.333334 2401.000000 
5043 261 259 442.000000 2400.000000 1 15.000000 15.000000 2401.000000 
5044 261 256 33.000000 600.000000 1 1.333333 1.333333 601.000000 
5045 259 260 24.000000 2400.000000 1 0.666667 0.666667 2401.000000 
5046 260 259 24.000000 2400.000000 1 0.666667 0.666667 2401.000000 
5048 257 255 152.000000 600.000000 1 6.333333 6.333334 601.000000 
5049 254 257 438.000000 600.000000 1 18.000000 18.000000 601.000000 
5051 253 124 165.000000 900.000000 1 15.666667 15.666666 901.000000 
5052 124 253 165.000000 900.000000 1 5.333333 5.333334 901.000000 
5053 199 176 255.000000 600.000000 1 12.000000 12.000000 601.000000 
5054 175 125 122.000000 2800.000000 1 19.333333 19.333333 2801.000000 
5055 125 175 122.000000 2800.000000 1 7.000000 7.000000 2801.000000 
5056 255 146 234.000000 600.000000 1 9.666667 9.666666 601.000000 
5057 146 258 526.000000 600.000000 1 21.666667 21.666667 601.000000 
5058 256 125 338.000000 2400.000000 1 20.666667 20.666667 2401.000000 
5059 256 199 185.000000 600.000000 1 6.666667 6.666666 601.000000 
5060 252 253 362.000000 900.000000 1 13.000000 13.000000 901.000000 
5161 248 250 124.000000 2400.000000 1 5.000000 5.000000 2401.000000 
5162 249 247 85.000000 2400.000000 1 4.333333 4.333334 2401.000000 
5164 251 249 93.000000 2400.000000 1 2.666667 2.666666 2401.000000 
5222 245 98 125.000000 900.000000 1 3.000000 3.000000 901.000000 
5226 177 183 367.000000 2800.000000 1 10.000000 10.000000 2801.000000 
5229 207 173 261.000000 2800.000000 1 10.333333 10.333334 2801.000000 
5230 184 207 216.000000 2800.000000 1 6.666667 6.666666 2801.000000 
5337 244 297 142.000000 2400.000000 1 3.666667 3.666666 2401.000000 
5338 210 244 95.000000 2400.000000 1 2.333333 2.333334 2401.000000 
5342 301 112 644.000000 2400.000000 1 16.000000 16.000000 2401.000000 
5343 241 242 91.000000 2400.000000 1 2.333333 2.333334 2401.000000 
5348 234 10 56.000000 600.000000 1 1.333333 1.333333 601.000000 
5349 242 240 572.000000 2400.000000 1 14.333333 14.333334 2401.000000 
5352 235 239 417.000000 2400.000000 1 12.333333 12.333334 2401.000000 
5353 239 301 252.000000 2400.000000 1 6.666667 6.666666 2401.000000 
5360 240 5 104.000000 2400.000000 1 2.666667 2.666666 2401.000000 
5371 302 221 26.000000 900.000000 1 0.666667 0.666667 901.000000 
5372 221 302 26.000000 900.000000 1 2.000000 2.000000 901.000000 
5379 302 298 187.000000 900.000000 1 12.666667 12.666666 901.000000 
5399 311 208 379.000000 2400.000000 1 14.000000 14.000000 2401.000000 
5401 236 208 14.000000 900.000000 1 1.666667 1.666667 901.000000 
5402 208 111 18.000000 2400.000000 1 0.333333 0.333334 2401.000000 
5403 237 238 14.000000 2400.000000 1 0.333333 0.333334 2401.000000 
5405 111 108 14.000000 900.000000 1 0.333333 0.333334 901.000000 
5407 238 107 65.000000 2400.000000 1 1.333333 1.333333 2401.000000 
5408 108 236 18.000000 2400.000000 1 0.333333 0.333334 2401.000000 
5409 134 113 394.000000 900.000000 1 15.000000 15.000000 901.000000 
5410 236 237 88.000000 2400.000000 1 2.000000 2.000000 2401.000000 
5429 12 235 118.000000 2400.000000 1 4.000000 4.000000 2401.000000 
5475 233 209 181.000000 900.000000 1 6.000000 6.000000 901.000000 
5477 227 213 122.000000 900.000000 1 4.333333 4.333334 901.000000 
5478 223 231 114.000000 2400.000000 1 4.333333 4.333334 2401.000000 
5479 231 224 421.000000 2400.000000 1 18.666667 18.666667 2401.000000 
5480 228 223 257.000000 2400.000000 1 8.333333 8.333334 2401.000000 
5481 229 230 36.000000 900.000000 1 1.000000 1.000000 901.000000 
5482 224 228 50.000000 2400.000000 1 2.333333 2.333334 2401.000000 
5483 222 230 163.000000 900.000000 1 4.000000 4.000000 901.000000 
5484 230 215 394.000000 900.000000 1 14.000000 14.000000 901.000000 
5485 231 229 56.000000 2400.000000 1 2.000000 2.000000 2401.000000 
5486 229 231 56.000000 2400.000000 1 1.333333 1.333333 2401.000000 
5487 229 296 230.000000 2400.000000 1 6.000000 6.000000 2401.000000 
5488 227 232 247.000000 600.000000 1 6.333333 6.333334 601.000000 
5489 232 227 247.000000 600.000000 1 8.333333 8.333334 601.000000 
5490 230 231 52.000000 900.000000 1 1.333333 1.333333 901.000000 
5491 231 230 52.000000 900.000000 1 2.333333 2.333334 901.000000 
5492 225 228 18.000000 900.000000 1 1.666667 1.666667 901.000000 
5493 32 224 13.000000 2400.000000 1 0.333333 0.333334 2401.000000 
5494 224 32 13.000000 2400.000000 1 1.000000 1.000000 2401.000000 
5495 225 226 393.000000 900.000000 1 10.000000 10.000000 901.000000 
5496 226 227 109.000000 900.000000 1 3.333333 3.333334 901.000000 
5497 227 225 502.000000 900.000000 1 24.666667 24.666667 901.000000 
5498 224 225 48.000000 900.000000 1 1.666667 1.666667 901.000000 
5499 225 224 48.000000 900.000000 1 7.000000 7.000000 901.000000 
5506 221 218 248.000000 900.000000 1 9.000000 9.000000 901.000000 
5515 219 221 217.000000 900.000000 1 7.000000 7.000000 901.000000 
5550 232 217 194.000000 2400.000000 1 10.000000 10.000000 2401.000000 
5555 214 305 28.000000 2800.000000 1 2.000000 2.000000 2801.000000 
5558 220 303 132.000000 900.000000 1 3.000000 3.000000 901.000000 
5560 303 308 280.000000 900.000000 1 17.333333 17.333333 901.000000 
5561 304 307 70.000000 900.000000 1 1.666667 1.666667 901.000000 
5563 308 217 27.000000 900.000000 1 1.000000 1.000000 901.000000 
5565 308 219 227.000000 2400.000000 1 6.666667 6.666666 2401.000000 
5566 299 232 57.000000 2400.000000 1 2.000000 2.000000 2401.000000 
5567 307 306 130.000000 900.000000 1 5.666667 5.666666 901.000000 
5568 305 304 200.000000 900.000000 1 4.666667 4.666666 901.000000 
5570 305 308 27.000000 2800.000000 1 1.000000 1.000000 2801.000000 
5575 219 298 37.000000 2400.000000 1 1.000000 1.000000 2401.000000 
5577 217 214 22.000000 2400.000000 1 0.666667 0.666667 2401.000000 
5634 45 216 93.000000 900.000000 1 2.666667 2.666666 901.000000 
5635 217 227 186.000000 900.000000 1 5.333333 5.333334 901.000000 
5636 189 210 189.000000 2400.000000 1 4.333333 4.333334 2401.000000 
5639 211 31 167.000000 600.000000 1 4.666667 4.666666 601.000000 
5640 216 222 438.000000 900.000000 1 16.666667 16.666667 901.000000 
5641 212 45 195.000000 900.000000 1 20.666667 20.666667 901.000000 
5642 215 212 105.000000 900.000000 1 3.666667 3.666666 901.000000 
5643 213 214 70.000000 2800.000000 1 5.666667 5.666666 2801.000000 
6401 205 202 225.000000 600.000000 1 9.333333 9.333334 601.000000 
6402 202 175 268.000000 600.000000 1 6.666667 6.666666 601.000000 
6403 151 204 329.000000 900.000000 1 8.333333 8.333334 901.000000 
6404 206 151 210.000000 900.000000 1 14.333333 14.333334 901.000000 
6405 173 205 47.000000 600.000000 1 2.666667 2.666666 601.000000 
6406 125 200 54.000000 900.000000 1 1.666667 1.666667 901.000000 
6411 204 201 84.000000 900.000000 1 2.333333 2.333334 901.000000 
6412 201 200 260.000000 900.000000 1 6.333333 6.333334 901.000000 
6413 200 206 463.000000 900.000000 1 16.000000 16.000000 901.000000 
6414 202 203 86.000000 600.000000 1 2.000000 2.000000 601.000000 
6415 203 202 86.000000 600.000000 1 2.000000 2.000000 601.000000 
6416 203 148 328.000000 600.000000 1 8.333333 8.333334 601.000000 
6418 148 203 328.000000 600.000000 1 8.333333 8.333334 601.000000 
6419 200 126 20.000000 900.000000 1 0.666667 0.666667 901.000000 
6481 124 197 62.000000 2800.000000 1 3.000000 3.000000 2801.000000 
6482 196 163 311.000000 900.000000 1 17.000000 17.000000 901.000000 
6483 196 154 490.000000 2400.000000 1 16.000000 16.000000 2401.000000 
6484 149 150 84.000000 2800.000000 1 2.666667 2.666666 2801.000000 
6492 170 187 221.000000 2400.000000 1 5.666667 5.666666 2401.000000 
6493 6 169 202.000000 2400.000000 1 11.333333 11.333334 2401.000000 
6494 191 7 185.000000 2400.000000 1 4.666667 4.666666 2401.000000 
6497 194 149 123.000000 2800.000000 1 6.000000 6.000000 2801.000000 
6502 167 192 135.000000 900.000000 1 4.333333 4.333334 901.000000 
6503 186 167 220.000000 2400.000000 1 5.666667 5.666666 2401.000000 
6506 188 180 113.000000 2400.000000 1 2.666667 2.666666 2401.000000 
6511 193 194 222.000000 900.000000 1 15.666667 15.666666 901.000000 
6512 192 172 176.000000 900.000000 1 4.333333 4.333334 901.000000 
6622 20 190 18.000000 2800.000000 1 0.666667 0.666667 2801.000000 
6625 190 8 232.000000 2800.000000 1 5.666667 5.666666 2801.000000 
6626 19 20 34.000000 2400.000000 1 1.666667 1.666667 2401.000000 
6628 189 19 19.000000 2800.000000 1 0.666667 0.666667 2801.000000 
6629 190 189 35.000000 2400.000000 1 1.333333 1.333333 2401.000000 
6631 4 189 222.000000 2800.000000 1 13.333333 13.333334 2801.000000 
6634 179 174 37.000000 2400.000000 1 1.000000 1.000000 2401.000000 
6635 174 179 37.000000 2400.000000 1 1.000000 1.000000 2401.000000 
6638 179 188 37.000000 2400.000000 1 1.000000 1.000000 2401.000000 
6639 187 185 210.000000 2400.000000 1 12.333333 12.333334 2401.000000 
6640 178 174 37.000000 2400.000000 1 3.333333 3.333334 2401.000000 
6641 48 184 164.000000 2800.000000 1 6.000000 6.000000 2801.000000 
6642 181 186 179.000000 2400.000000 1 4.333333 4.333334 2401.000000 
6643 185 178 112.000000 2400.000000 1 6.333333 6.333334 2401.000000 
6652 184 183 27.000000 900.000000 1 2.666667 2.666666 901.000000 
6653 183 184 27.000000 900.000000 1 0.666667 0.666667 901.000000 
6654 183 182 86.000000 2800.000000 1 3.333333 3.333334 2801.000000 
6655 182 49 83.000000 2800.000000 1 7.000000 7.000000 2801.000000 
6656 180 181 32.000000 2400.000000 1 0.666667 0.666667 2401.000000 
6657 79 179 133.000000 2400.000000 1 4.000000 4.000000 2401.000000 
6658 173 175 43.000000 2800.000000 1 3.000000 3.000000 2801.000000 
6659 176 177 102.000000 2800.000000 1 2.666667 2.666666 2801.000000 
6660 175 176 44.000000 2800.000000 1 1.000000 1.000000 2801.000000 
6661 174 78 147.000000 2400.000000 1 33.000000 33.000000 2401.000000 
6664 170 167 47.000000 900.000000 1 1.666667 1.666667 901.000000 
6665 116 171 90.000000 600.000000 1 3.000000 3.000000 601.000000 
6666 169 170 215.000000 2400.000000 1 8.666667 8.666666 2401.000000 
6667 171 167 486.000000 600.000000 1 24.333333 24.333333 601.000000 
6668 172 116 265.000000 600.000000 1 6.666667 6.666666 601.000000 
6669 168 170 61.000000 900.000000 1 2.666667 2.666666 901.000000 
6670 170 195 99.000000 900.000000 1 2.666667 2.666666 901.000000 
6671 167 191 216.000000 2400.000000 1 5.333333 5.333334 2401.000000 
6672 161 196 136.000000 900.000000 1 3.333333 3.333334 901.000000 
6674 167 170 47.000000 900.000000 1 1.666667 1.666667 901.000000 
6675 166 11 252.000000 900.000000 1 6.333333 6.333334 901.000000 
6676 133 131 474.000000 900.000000 1 19.000000 19.000000 901.000000 
6677 165 133 171.000000 900.000000 1 7.333333 7.333334 901.000000 
6693 164 193 452.000000 900.000000 1 18.333333 18.333333 901.000000 
6694 162 158 80.000000 2400.000000 1 2.000000 2.000000 2401.000000 
6695 160 162 79.000000 2400.000000 1 7.000000 7.000000 2401.000000 
6696 163 164 23.000000 900.000000 1 2.000000 2.000000 901.000000 
6697 164 163 23.000000 900.000000 1 0.666667 0.666667 901.000000 
6698 163 161 175.000000 900.000000 1 4.333333 4.333334 901.000000 
6699 156 163 141.000000 900.000000 1 4.666667 4.666666 901.000000 
6700 25 160 224.000000 2400.000000 1 6.000000 6.000000 2401.000000 
6701 157 156 541.000000 900.000000 1 16.666667 16.666667 901.000000 
6702 158 159 80.000000 2400.000000 1 2.000000 2.000000 2401.000000 
6703 153 114 219.000000 2400.000000 1 13.333333 13.333334 2401.000000 
6704 154 153 80.000000 2400.000000 1 2.333333 2.333334 2401.000000 
6705 155 157 150.000000 2800.000000 1 7.000000 7.000000 2801.000000 
6711 114 155 161.000000 2800.000000 1 4.000000 4.000000 2801.000000 
6741 151 148 140.000000 900.000000 1 5.333333 5.333334 901.000000 
6742 148 151 140.000000 900.000000 1 9.666667 9.666666 901.000000 
6743 142 145 146.000000 900.000000 1 5.000000 5.000000 901.000000 
6744 147 148 228.000000 900.000000 1 9.333333 9.333334 901.000000 
6745 142 143 110.000000 900.000000 1 2.666667 2.666666 901.000000 
6746 143 142 110.000000 900.000000 1 7.666667 7.666666 901.000000 
6747 143 151 175.000000 900.000000 1 4.333333 4.333334 901.000000 
6748 151 143 175.000000 900.000000 1 9.333333 9.333334 901.000000 
6749 150 146 113.000000 2800.000000 1 9.333333 9.333334 2801.000000 
6751 146 144 35.000000 900.000000 1 1.666667 1.666667 901.000000 
6752 144 146 35.000000 900.000000 1 2.000000 2.000000 901.000000 
6753 141 75 242.000000 900.000000 1 26.666667 26.666667 901.000000 
6754 148 147 228.000000 900.000000 1 8.666667 8.666666 901.000000 
6756 146 122 503.000000 2800.000000 1 15.333333 15.333334 2801.000000 
6757 77 129 236.000000 900.000000 1 7.666667 7.666666 901.000000 
6758 145 141 196.000000 900.000000 1 9.333333 9.333334 901.000000 
6759 130 131 146.000000 900.000000 1 11.333333 11.333334 901.000000 
6760 131 142 22.000000 900.000000 1 1.666667 1.666667 901.000000 
6761 142 131 22.000000 900.000000 1 1.000000 1.000000 901.000000 
6762 129 130 195.000000 900.000000 1 8.333333 8.333334 901.000000 
6763 137 140 16.000000 900.000000 1 0.333333 0.333334 901.000000 
6764 112 137 27.000000 2400.000000 1 1.000000 1.000000 2401.000000 
6765 106 112 16.000000 900.000000 1 0.666667 0.666667 901.000000 
6766 135 0 441.000000 900.000000 1 11.000000 11.000000 901.000000 
6767 2 139 102.000000 900.000000 1 2.666667 2.666666 901.000000 
6768 140 106 22.000000 2400.000000 1 0.666667 0.666667 2401.000000 
6769 134 310 384.000000 2400.000000 1 10.333333 10.333334 2401.000000 
6770 310 140 156.000000 2400.000000 1 24.666667 24.666667 2401.000000 
6771 139 136 512.000000 900.000000 1 12.333333 12.333334 901.000000 
6772 138 134 18.000000 900.000000 1 0.333333 0.333334 901.000000 
6773 134 138 18.000000 900.000000 1 0.333333 0.333334 901.000000 
6774 136 137 158.000000 900.000000 1 11.666667 11.666666 901.000000 
6778 112 135 385.000000 900.000000 1 9.666667 9.666666 901.000000 
6813 133 128 348.000000 2400.000000 1 33.333333 33.333334 2401.000000 
6814 132 133 39.000000 900.000000 1 1.000000 1.000000 901.000000 
6815 133 132 39.000000 900.000000 1 2.000000 2.000000 901.000000 
6816 131 165 303.000000 900.000000 1 9.666667 9.666666 901.000000 
6817 73 132 448.000000 2400.000000 1 12.000000 12.000000 2401.000000 
6818 128 74 84.000000 2400.000000 1 16.000000 16.000000 2401.000000 
6819 96 33 142.000000 600.000000 1 12.333333 12.333334 601.000000 
6820 33 96 142.000000 600.000000 1 5.333333 5.333334 601.000000 
6827 101 127 75.000000 2400.000000 1 2.333333 2.333334 2401.000000 
6837 127 121 343.000000 2400.000000 1 12.333333 12.333334 2401.000000 
6841 126 144 683.000000 2800.000000 1 24.000000 24.000000 2801.000000 
6842 125 126 55.000000 2800.000000 1 1.666667 1.666667 2801.000000 
6843 124 125 38.000000 2800.000000 1 1.333333 1.333333 2801.000000 
6844 125 124 38.000000 2800.000000 1 2.000000 2.000000 2801.000000 
6845 123 124 159.000000 2800.000000 1 20.666667 20.666667 2801.000000 
6846 122 123 78.000000 2800.000000 1 3.000000 3.000000 2801.000000 
6847 98 100 643.000000 2400.000000 1 19.666667 19.666667 2401.000000 
6848 121 97 227.000000 2400.000000 1 18.000000 18.000000 2401.000000 
6849 62 120 166.000000 900.000000 1 5.333333 5.333334 901.000000 
6850 120 62 166.000000 900.000000 1 4.000000 4.000000 901.000000 
6851 120 294 397.000000 900.000000 1 10.000000 10.000000 901.000000 
6852 119 120 194.000000 900.000000 1 5.000000 5.000000 901.000000 
6853 118 119 26.000000 900.000000 1 0.666667 0.666667 901.000000 
6869 102 115 482.000000 900.000000 1 12.333333 12.333334 901.000000 
6871 114 117 32.000000 2400.000000 1 3.333333 3.333334 2401.000000 
6872 116 103 479.000000 900.000000 1 12.000000 12.000000 901.000000 
6874 1 116 318.000000 900.000000 1 8.333333 8.333334 901.000000 
6875 117 28 36.000000 2800.000000 1 2.000000 2.000000 2801.000000 
6876 115 116 19.000000 600.000000 1 1.000000 1.000000 601.000000 
6877 116 115 19.000000 600.000000 1 0.333333 0.333334 601.000000 
6880 28 25 30.000000 2400.000000 1 1.000000 1.000000 2401.000000 
6881 115 3 316.000000 900.000000 1 23.000000 23.000000 901.000000 
6882 25 114 39.000000 2800.000000 1 0.666667 0.666667 2801.000000 
6912 111 109 191.000000 2400.000000 1 5.333333 5.333334 2401.000000 
6913 110 108 205.000000 2400.000000 1 10.333333 10.333334 2401.000000 
6914 109 110 20.000000 900.000000 1 0.333333 0.333334 901.000000 
6917 106 274 448.000000 2400.000000 1 11.333333 11.333334 2401.000000 
6919 95 101 198.000000 2400.000000 1 7.000000 7.000000 2401.000000 
6923 100 93 199.000000 2400.000000 1 10.666667 10.666666 2401.000000 
6929 103 80 79.000000 900.000000 1 4.666667 4.666666 901.000000 
6930 72 102 70.000000 900.000000 1 1.666667 1.666667 901.000000 
6931 102 103 23.000000 900.000000 1 0.666667 0.666667 901.000000 
6932 103 102 23.000000 900.000000 1 1.666667 1.666667 901.000000 
6935 100 101 27.000000 2400.000000 1 1.000000 1.000000 2401.000000 
6936 101 100 27.000000 2400.000000 1 0.666667 0.666667 2401.000000 
6937 99 92 149.000000 2400.000000 1 4.333333 4.333334 2401.000000 
6938 49 99 68.000000 2400.000000 1 2.000000 2.000000 2401.000000 
6939 94 30 265.000000 900.000000 1 7.000000 7.000000 901.000000 
6941 97 55 418.000000 2400.000000 1 17.333333 17.333333 2401.000000 
6942 91 95 63.000000 2400.000000 1 3.333333 3.333334 2401.000000 
6943 98 97 24.000000 900.000000 1 0.666667 0.666667 901.000000 
6944 97 98 24.000000 900.000000 1 0.666667 0.666667 901.000000 
6946 92 98 197.000000 2400.000000 1 8.666667 8.666666 2401.000000 
6951 94 97 271.000000 900.000000 1 6.666667 6.666666 901.000000 
6952 95 96 293.000000 600.000000 1 11.666667 11.666666 601.000000 
6953 96 95 293.000000 600.000000 1 18.333333 18.333333 601.000000 
6988 84 83 73.000000 600.000000 1 1.666667 1.666667 601.000000 
6992 86 88 39.000000 2800.000000 1 1.666667 1.666667 2801.000000 
6993 88 83 61.000000 2800.000000 1 5.000000 5.000000 2801.000000 
6994 71 72 62.000000 2800.000000 1 6.000000 6.000000 2801.000000 
6996 90 48 194.000000 2800.000000 1 9.000000 9.000000 2801.000000 
6997 56 85 191.000000 2800.000000 1 9.000000 9.000000 2801.000000 
6998 89 90 87.000000 2800.000000 1 4.000000 4.000000 2801.000000 
7001 85 86 136.000000 2800.000000 1 7.000000 7.000000 2801.000000 
7002 83 71 150.000000 2800.000000 1 17.333333 17.333333 2801.000000 
7011 80 77 23.000000 900.000000 1 2.333333 2.333334 901.000000 
7012 80 70 231.000000 2800.000000 1 13.333333 13.333334 2801.000000 
7013 75 82 55.000000 2800.000000 1 2.666667 2.666666 2801.000000 
7014 82 87 158.000000 2800.000000 1 6.666667 6.666666 2801.000000 
7015 81 79 210.000000 2800.000000 1 27.000000 27.000000 2801.000000 
7016 69 76 136.000000 2800.000000 1 6.000000 6.000000 2801.000000 
7019 70 81 152.000000 2800.000000 1 10.333333 10.333334 2801.000000 
7022 77 75 24.000000 2800.000000 1 0.666667 0.666667 2801.000000 
7024 74 69 362.000000 2800.000000 1 14.000000 14.000000 2801.000000 
7026 72 80 24.000000 2800.000000 1 0.666667 0.666667 2801.000000 
7027 74 79 18.000000 2400.000000 1 0.666667 0.666667 2401.000000 
7028 79 78 39.000000 2800.000000 1 2.333333 2.333334 2801.000000 
7029 78 73 18.000000 2400.000000 1 0.666667 0.666667 2401.000000 
7031 76 77 92.000000 2800.000000 1 3.666667 3.666666 2801.000000 
7034 75 72 23.000000 900.000000 1 0.666667 0.666667 901.000000 
7035 73 74 39.000000 2800.000000 1 1.666667 1.666667 2801.000000 
7037 68 40 201.000000 2800.000000 1 12.333333 12.333334 2801.000000 
7038 64 60 32.000000 600.000000 1 0.666667 0.666667 601.000000 
7039 60 64 32.000000 600.000000 1 0.666667 0.666667 601.000000 
7040 60 58 181.000000 2800.000000 1 8.333333 8.333334 2801.000000 
7042 66 68 33.000000 2800.000000 1 0.666667 0.666667 2801.000000 
7043 68 66 33.000000 2800.000000 1 0.666667 0.666667 2801.000000 
7048 63 2 308.000000 2800.000000 1 20.666667 20.666667 2801.000000 
7049 58 68 105.000000 2800.000000 1 4.000000 4.000000 2801.000000 
7051 62 67 37.000000 900.000000 1 1.000000 1.000000 901.000000 
7052 67 62 37.000000 900.000000 1 1.000000 1.000000 901.000000 
7053 59 64 184.000000 2800.000000 1 5.000000 5.000000 2801.000000 
7054 65 67 190.000000 2800.000000 1 6.666667 6.666666 2801.000000 
7056 61 65 110.000000 2800.000000 1 3.000000 3.000000 2801.000000 
7058 67 52 172.000000 2800.000000 1 15.666667 15.666666 2801.000000 
7059 66 59 103.000000 2800.000000 1 5.000000 5.000000 2801.000000 
7060 47 62 174.000000 2800.000000 1 4.333333 4.333334 2801.000000 
7061 52 66 206.000000 2800.000000 1 5.666667 5.666666 2801.000000 
7062 64 56 166.000000 2800.000000 1 15.333333 15.333334 2801.000000 
7063 62 63 95.000000 2800.000000 1 2.666667 2.666666 2801.000000 
7064 3 61 198.000000 2800.000000 1 5.000000 5.000000 2801.000000 
7066 55 60 162.000000 2800.000000 1 4.333333 4.333334 2801.000000 
7067 58 59 34.000000 600.000000 1 1.000000 1.000000 601.000000 
7068 59 58 34.000000 600.000000 1 1.000000 1.000000 601.000000 
7070 52 40 32.000000 2800.000000 1 1.000000 1.000000 2801.000000 
7071 56 48 21.000000 2800.000000 1 2.000000 2.000000 2801.000000 
7073 57 32 231.000000 2800.000000 1 18.333333 18.333333 2801.000000 
7074 55 56 29.000000 2800.000000 1 1.333333 1.333333 2801.000000 
7077 49 55 21.000000 2800.000000 1 2.666667 2.666666 2801.000000 
7079 33 54 265.000000 2800.000000 1 10.333333 10.333334 2801.000000 
7080 37 53 157.000000 2800.000000 1 8.333333 8.333334 2801.000000 
7082 14 51 235.000000 2800.000000 1 17.333333 17.333333 2801.000000 
7084 53 50 115.000000 2800.000000 1 3.333333 3.333334 2801.000000 
7085 47 52 34.000000 2800.000000 1 2.000000 2.000000 2801.000000 
7087 50 15 123.000000 2800.000000 1 5.333333 5.333334 2801.000000 
7088 48 49 30.000000 2800.000000 1 1.666667 1.666667 2801.000000 
7091 40 35 34.000000 2800.000000 1 1.000000 1.000000 2801.000000 
7092 35 47 32.000000 2800.000000 1 1.666667 1.666667 2801.000000 
7095 8 43 106.000000 2800.000000 1 6.000000 6.000000 2801.000000 
7098 35 46 116.000000 2800.000000 1 3.000000 3.000000 2801.000000 
7099 45 43 37.000000 900.000000 1 1.000000 1.000000 901.000000 
7100 46 45 246.000000 2800.000000 1 9.000000 9.000000 2801.000000 
7103 44 41 234.000000 2800.000000 1 5.666667 5.666666 2801.000000 
7104 42 47 99.000000 2800.000000 1 8.000000 8.000000 2801.000000 
7107 45 4 122.000000 2800.000000 1 3.333333 3.333334 2801.000000 
7113 44 45 36.000000 900.000000 1 1.000000 1.000000 901.000000 
7116 43 44 21.000000 2800.000000 1 0.666667 0.666667 2801.000000 
7118 41 42 21.000000 2800.000000 1 0.666667 0.666667 2801.000000 
7125 39 34 316.000000 2800.000000 1 8.333333 8.333334 2801.000000 
7126 32 39 197.000000 2800.000000 1 5.333333 5.333334 2801.000000 
7131 40 29 216.000000 2800.000000 1 5.666667 5.666666 2801.000000 
7133 36 38 225.000000 2800.000000 1 6.666667 6.666666 2801.000000 
7137 30 36 226.000000 2800.000000 1 6.000000 6.000000 2801.000000 
7139 34 31 138.000000 2800.000000 1 6.333333 6.333334 2801.000000 
7140 38 33 204.000000 2800.000000 1 16.666667 16.666667 2801.000000 
7148 32 33 30.000000 2400.000000 1 1.333333 1.333333 2401.000000 
7149 33 32 30.000000 2400.000000 1 1.666667 1.666667 2401.000000 
7151 31 35 406.000000 2800.000000 1 21.666667 21.666667 2801.000000 
7152 29 30 187.000000 2800.000000 1 7.333333 7.333334 2801.000000 
7153 24 23 138.000000 2800.000000 1 3.000000 3.000000 2801.000000 
7154 28 26 75.000000 2800.000000 1 2.666667 2.666666 2801.000000 
7155 27 21 121.000000 2800.000000 1 3.000000 3.000000 2801.000000 
7158 26 27 58.000000 2800.000000 1 1.666667 1.666667 2801.000000 
7159 23 25 115.000000 2800.000000 1 2.333333 2.333334 2801.000000 
7162 21 22 106.000000 2800.000000 1 3.333333 3.333334 2801.000000 
7164 16 20 104.000000 2800.000000 1 10.666667 10.666666 2801.000000 
7165 19 13 227.000000 2800.000000 1 9.666667 9.666666 2801.000000 
7166 13 14 108.000000 2800.000000 1 9.666667 9.666666 2801.000000 
7167 15 16 235.000000 2800.000000 1 6.666667 6.666666 2801.000000 
7168 10 12 294.000000 2800.000000 1 17.333333 17.333333 2801.000000 
7169 18 11 164.000000 2800.000000 1 6.000000 6.000000 2801.000000 
7170 7 18 131.000000 2800.000000 1 3.666667 3.666666 2801.000000 
7171 17 6 177.000000 2800.000000 1 16.666667 16.666667 2801.000000 
7174 15 14 34.000000 600.000000 1 1.000000 1.000000 601.000000 
7175 14 15 34.000000 600.000000 1 1.000000 1.000000 601.000000 
7192 7 12 29.000000 2400.000000 1 0.666667 0.666667 2401.000000 
7194 12 5 44.000000 2800.000000 1 1.666667 1.666667 2801.000000 
7197 9 10 227.000000 2800.000000 1 9.000000 9.000000 2801.000000 
7199 0 9 52.000000 2800.000000 1 1.333333 1.333333 2801.000000 
7200 11 1 280.000000 2800.000000 1 10.000000 10.000000 2801.000000 
7201 10 11 30.000000 900.000000 1 0.666667 0.666667 901.000000 
7202 11 10 30.000000 900.000000 1 0.666667 0.666667 901.000000 
7206 6 7 44.000000 2800.000000 1 1.333333 1.333333 2801.000000 
7207 5 6 28.000000 2400.000000 1 0.666667 0.666667 2401.000000 
7229 1 3 19.000000 2800.000000 1 0.666667 0.666667 2801.000000 
7230 3 2 32.000000 900.000000 1 1.000000 1.000000 901.000000 
7232 2 0 20.000000 2800.000000 1 1.000000 1.000000 2801.000000 
7235 0 1 32.000000 900.000000 1 0.666667 0.666667 901.000000 
