# id node_number1 node_number2 value 
1 314 350     14.520000  
2 314 315     55.610000  
3 314 316     75.590000  
4 314 317     67.540000  
5 314 327     94.310000  
6 314 318     74.330000  
7 314 328     24.880000  
8 314 329     11.420000  
9 314 344     28.690000  
10 314 330    30.330000  
11 314 345    5.080000   
12 314 319    3.480000   
13 314 320    7.580000   
14 314 346    7.980000   
15 314 331    10.260000  
16 314 332    1.260000   
17 314 333    3.130000   
18 314 321    6.570000   
19 314 351    2.570000   
20 314 322    40.160000  
21 314 323    29.240000  
22 314 324    69.600000  
23 314 334    12.740000  
24 314 335    19.180000  
25 314 347    18.730000  
26 314 336    40.820000  
27 314 337    47.690000  
28 314 338    3.130000   
29 314 325    3.090000   
30 314 326    10.790000  
31 314 339    6.650000   
32 314 340    5.530000   
33 314 341    6.390000   
34 314 348    3.150000   
35 314 342    9.250000   
36 314 343    7.290000   
37 314 349    2.820000   
38 350 314    15.220000  
39 350 315    15.920000  
40 350 316    22.310000  
41 350 317    24.090000  
42 350 327    21.500000  
43 350 318    24.210000  
44 350 328    5.890000   
45 350 329    3.550000   
46 350 344    6.960000   
47 350 330    9.430000   
48 350 345    1.520000   
49 350 319    1.160000   
50 350 320    2.240000   
51 350 346    2.500000   
52 350 331    2.890000   
53 350 332    0.430000   
54 350 333    0.980000   
55 350 321    1.610000   
56 350 351    0.820000   
57 350 322    10.250000  
58 350 323    7.470000   
59 350 324    13.020000  
60 350 334    3.550000   
61 350 335    4.800000   
62 350 347    6.040000   
63 350 336    9.770000   
64 350 337    15.440000  
65 350 338    1.010000   
66 350 325    1.000000   
67 350 326    3.230000   
68 350 339    2.070000   
69 350 340    1.780000   
70 350 341    1.960000   
71 350 348    0.730000   
72 350 342    3.700000   
73 350 343    2.140000   
74 350 349    1.260000   
75 315 314    56.310000  
76 315 350    15.370000  
77 315 316    97.800000  
78 315 317    67.660000  
79 315 327    66.100000  
80 315 318    59.730000  
81 315 328    22.890000  
82 315 329    13.440000  
83 315 344    28.670000  
84 315 330    34.680000  
85 315 345    6.170000   
86 315 319    4.490000   
87 315 320    9.760000   
88 315 346    9.980000   
89 315 331    12.080000  
90 315 332    1.860000   
91 315 333    4.200000   
92 315 321    8.570000   
93 315 351    4.010000   
94 315 322    41.930000  
95 315 323    27.110000  
96 315 324    62.100000  
97 315 334    10.830000  
98 315 335    20.480000  
99 315 347    20.600000  
100 315 336   36.960000  
101 315 337   50.930000  
102 315 338   3.560000   
103 315 325   3.520000   
104 315 326   12.450000  
105 315 339   8.040000   
106 315 340   6.660000   
107 315 341   7.400000   
108 315 348   3.720000   
109 315 342   11.190000  
110 315 343   9.560000   
111 315 349   4.020000   
112 316 314   75.140000  
113 316 350   21.100000  
114 316 315   96.080000  
115 316 317   90.270000  
116 316 327   95.780000  
117 316 318   104.680000 
118 316 328   22.900000  
119 316 329   12.620000  
120 316 344   26.340000  
121 316 330   37.900000  
122 316 345   4.680000   
123 316 319   3.110000   
124 316 320   7.030000   
125 316 346   7.650000   
126 316 331   10.540000  
127 316 332   0.950000   
128 316 333   2.470000   
129 316 321   5.240000   
130 316 351   2.050000   
131 316 322   34.550000  
132 316 323   33.090000  
133 316 324   71.290000  
134 316 334   14.710000  
135 316 335   16.870000  
136 316 347   20.800000  
137 316 336   35.590000  
138 316 337   53.900000  
139 316 338   2.910000   
140 316 325   2.730000   
141 316 326   10.010000  
142 316 339   5.720000   
143 316 340   5.150000   
144 316 341   6.070000   
145 316 348   2.430000   
146 316 342   9.570000   
147 316 343   4.300000   
148 316 349   2.400000   
149 317 314   67.950000  
150 317 350   23.110000  
151 317 315   67.210000  
152 317 316   91.310000  
153 317 327   107.650000 
154 317 318   72.250000  
155 317 328   28.190000  
156 317 329   13.250000  
157 317 344   34.910000  
158 317 330   38.280000  
159 317 345   5.950000   
160 317 319   4.130000   
161 317 320   10.000000  
162 317 346   10.010000  
163 317 331   12.870000  
164 317 332   1.500000   
165 317 333   3.700000   
166 317 321   8.010000   
167 317 351   3.500000   
168 317 322   39.490000  
169 317 323   29.570000  
170 317 324   79.100000  
171 317 334   13.440000  
172 317 335   18.910000  
173 317 347   19.240000  
174 317 336   43.640000  
175 317 337   51.670000  
176 317 338   3.240000   
177 317 325   3.000000   
178 317 326   11.430000  
179 317 339   7.300000   
180 317 340   6.280000   
181 317 341   7.050000   
182 317 348   3.190000   
183 317 342   9.270000   
184 317 343   6.900000   
185 317 349   2.670000   
186 327 314   92.600000  
187 327 350   20.080000  
188 327 315   64.140000  
189 327 316   94.520000  
190 327 317   105.140000 
191 327 318   83.380000  
192 327 328   20.640000  
193 327 329   16.060000  
194 327 344   24.410000  
195 327 330   41.810000  
196 327 345   7.850000   
197 327 319   5.460000   
198 327 320   12.490000  
199 327 346   12.300000  
200 327 331   15.740000  
201 327 332   2.520000   
202 327 333   5.590000   
203 327 321   13.540000  
204 327 351   5.500000   
205 327 322   45.930000  
206 327 323   38.280000  
207 327 324   72.540000  
208 327 334   14.230000  
209 327 335   24.860000  
210 327 347   27.530000  
211 327 336   34.990000  
212 327 337   61.100000  
213 327 338   4.230000   
214 327 325   4.220000   
215 327 326   15.910000  
216 327 339   10.230000  
217 327 340   8.450000   
218 327 341   8.130000   
219 327 348   5.160000   
220 327 342   17.030000  
221 327 343   9.980000   
222 327 349   6.420000   
223 318 314   73.200000  
224 318 350   22.800000  
225 318 315   58.110000  
226 318 316   103.840000 
227 318 317   70.750000  
228 318 327   83.720000  
229 318 328   24.940000  
230 318 329   14.950000  
231 318 344   27.140000  
232 318 330   29.440000  
233 318 345   6.820000   
234 318 319   4.700000   
235 318 320   11.430000  
236 318 346   11.110000  
237 318 331   14.340000  
238 318 332   2.020000   
239 318 333   4.650000   
240 318 321   11.180000  
241 318 351   4.710000   
242 318 322   41.940000  
243 318 323   31.380000  
244 318 324   82.090000  
245 318 334   14.020000  
246 318 335   21.490000  
247 318 347   20.830000  
248 318 336   47.500000  
249 318 337   57.480000  
250 318 338   3.440000   
251 318 325   3.330000   
252 318 326   12.890000  
253 318 339   8.440000   
254 318 340   6.920000   
255 318 341   7.680000   
256 318 348   4.310000   
257 318 342   10.850000  
258 318 343   9.330000   
259 318 349   3.810000   
260 328 314   27.610000  
261 328 350   6.280000   
262 328 315   25.130000  
263 328 316   25.680000  
264 328 317   31.120000  
265 328 327   23.410000  
266 328 318   28.020000  
267 328 329   3.410000   
268 328 344   7.020000   
269 328 330   11.870000  
270 328 345   2.240000   
271 328 319   2.170000   
272 328 320   4.940000   
273 328 346   4.590000   
274 328 331   4.110000   
275 328 332   1.030000   
276 328 333   2.070000   
277 328 321   2.710000   
278 328 351   2.240000   
279 328 322   12.930000  
280 328 323   10.930000  
281 328 324   23.410000  
282 328 334   4.590000   
283 328 335   5.900000   
284 328 347   7.880000   
285 328 336   10.890000  
286 328 337   15.600000  
287 328 338   1.550000   
288 328 325   1.590000   
289 328 326   4.560000   
290 328 339   3.690000   
291 328 340   2.580000   
292 328 341   2.250000   
293 328 348   0.990000   
294 328 342   6.420000   
295 328 343   4.190000   
296 328 349   2.570000   
297 329 314   11.640000  
298 329 350   3.420000   
299 329 315   13.530000  
300 329 316   12.870000  
301 329 317   13.420000  
302 329 327   16.590000  
303 329 318   15.460000  
304 329 328   3.110000   
305 329 344   4.240000   
306 329 330   5.640000   
307 329 345   0.910000   
308 329 319   0.820000   
309 329 320   2.310000   
310 329 346   1.770000   
311 329 331   1.940000   
312 329 332   0.540000   
313 329 333   1.030000   
314 329 321   2.230000   
315 329 351   1.140000   
316 329 322   7.490000   
317 329 323   5.320000   
318 329 324   13.150000  
319 329 334   2.270000   
320 329 335   3.830000   
321 329 347   3.870000   
322 329 336   6.480000   
323 329 337   7.740000   
324 329 338   0.750000   
325 329 325   0.730000   
326 329 326   2.270000   
327 329 339   1.490000   
328 329 340   1.050000   
329 329 341   1.010000   
330 329 348   0.880000   
331 329 342   2.720000   
332 329 343   2.480000   
333 329 349   1.160000   
334 344 314   28.600000  
335 344 350   6.590000   
336 344 315   28.240000  
337 344 316   26.400000  
338 344 317   34.610000  
339 344 327   24.800000  
340 344 318   27.420000  
341 344 328   6.270000   
342 344 329   4.170000   
343 344 330   9.540000   
344 344 345   2.210000   
345 344 319   1.920000   
346 344 320   4.560000   
347 344 346   3.620000   
348 344 331   3.550000   
349 344 332   0.880000   
350 344 333   1.890000   
351 344 321   4.430000   
352 344 351   2.030000   
353 344 322   12.760000  
354 344 323   11.840000  
355 344 324   24.190000  
356 344 334   5.720000   
357 344 335   6.760000   
358 344 347   8.200000   
359 344 336   13.440000  
360 344 337   20.910000  
361 344 338   1.260000   
362 344 325   1.250000   
363 344 326   4.760000   
364 344 339   3.290000   
365 344 340   2.550000   
366 344 341   2.570000   
367 344 348   1.540000   
368 344 342   5.180000   
369 344 343   3.160000   
370 344 349   2.070000   
371 330 314   29.770000  
372 330 350   8.850000   
373 330 315   33.630000  
374 330 316   37.490000  
375 330 317   37.360000  
376 330 327   41.860000  
377 330 318   29.350000  
378 330 328   10.550000  
379 330 329   5.430000   
380 330 344   9.410000   
381 330 345   3.130000   
382 330 319   2.140000   
383 330 320   5.510000   
384 330 346   4.350000   
385 330 331   4.080000   
386 330 332   1.000000   
387 330 333   2.220000   
388 330 321   5.550000   
389 330 351   2.430000   
390 330 322   16.080000  
391 330 323   12.160000  
392 330 324   31.350000  
393 330 334   5.620000   
394 330 335   8.590000   
395 330 347   8.170000   
396 330 336   18.800000  
397 330 337   23.820000  
398 330 338   1.400000   
399 330 325   1.340000   
400 330 326   5.420000   
401 330 339   3.790000   
402 330 340   3.030000   
403 330 341   3.270000   
404 330 348   1.950000   
405 330 342   4.520000   
406 330 343   4.090000   
407 330 349   1.770000   
408 345 314   5.090000   
409 345 350   1.210000   
410 345 315   6.080000   
411 345 316   3.910000   
412 345 317   5.900000   
413 345 327   6.610000   
414 345 318   6.940000   
415 345 328   1.700000   
416 345 329   0.850000   
417 345 344   1.860000   
418 345 330   3.220000   
419 345 319   5.780000   
420 345 320   18.290000  
421 345 346   13.670000  
422 345 331   19.560000  
423 345 332   4.930000   
424 345 333   7.940000   
425 345 321   20.460000  
426 345 351   11.940000  
427 345 322   2.690000   
428 345 323   2.590000   
429 345 324   4.840000   
430 345 334   1.140000   
431 345 335   1.650000   
432 345 347   1.810000   
433 345 336   2.870000   
434 345 337   4.590000   
435 345 338   6.330000   
436 345 325   6.550000   
437 345 326   23.460000  
438 345 339   13.220000  
439 345 340   9.350000   
440 345 341   10.670000  
441 345 348   1.500000   
442 345 342   6.500000   
443 345 343   3.970000   
444 345 349   2.900000   
445 319 314   3.240000   
446 319 350   1.200000   
447 319 315   4.080000   
448 319 316   3.670000   
449 319 317   3.790000   
450 319 327   6.660000   
451 319 318   4.460000   
452 319 328   2.050000   
453 319 329   0.700000   
454 319 344   2.250000   
455 319 330   2.040000   
456 319 345   7.010000   
457 319 320   17.300000  
458 319 346   13.060000  
459 319 331   20.370000  
460 319 332   3.680000   
461 319 333   6.130000   
462 319 321   20.510000  
463 319 351   9.840000   
464 319 322   2.840000   
465 319 323   2.010000   
466 319 324   4.960000   
467 319 334   0.740000   
468 319 335   1.820000   
469 319 347   1.290000   
470 319 336   2.900000   
471 319 337   3.270000   
472 319 338   5.410000   
473 319 325   5.710000   
474 319 326   20.590000  
475 319 339   10.050000  
476 319 340   7.460000   
477 319 341   9.220000   
478 319 348   1.530000   
479 319 342   4.530000   
480 319 343   5.100000   
481 319 349   2.120000   
482 320 314   7.210000   
483 320 350   1.680000   
484 320 315   9.190000   
485 320 316   5.430000   
486 320 317   9.450000   
487 320 327   9.670000   
488 320 318   11.100000  
489 320 328   3.580000   
490 320 329   2.060000   
491 320 344   3.520000   
492 320 330   5.410000   
493 320 345   17.720000  
494 320 319   13.360000  
495 320 346   22.540000  
496 320 331   32.300000  
497 320 332   8.350000   
498 320 333   16.890000  
499 320 321   43.270000  
500 320 351   17.570000  
501 320 322   3.500000   
502 320 323   3.770000   
503 320 324   6.750000   
504 320 334   1.600000   
505 320 335   2.370000   
506 320 347   2.530000   
507 320 336   3.900000   
508 320 337   7.610000   
509 320 338   8.540000   
510 320 325   8.740000   
511 320 326   37.070000  
512 320 339   27.320000  
513 320 340   20.420000  
514 320 341   21.740000  
515 320 348   2.730000   
516 320 342   9.360000   
517 320 343   5.560000   
518 320 349   4.290000   
519 346 314   7.710000   
520 346 350   2.660000   
521 346 315   9.430000   
522 346 316   9.160000   
523 346 317   9.580000   
524 346 327   15.220000  
525 346 318   11.010000  
526 346 328   4.400000   
527 346 329   1.590000   
528 346 344   4.330000   
529 346 330   4.320000   
530 346 345   16.710000  
531 346 319   13.340000  
532 346 320   29.280000  
533 346 331   32.110000  
534 346 332   9.780000   
535 346 333   17.290000  
536 346 321   46.770000  
537 346 351   22.060000  
538 346 322   5.680000   
539 346 323   4.180000   
540 346 324   10.460000  
541 346 334   1.670000   
542 346 335   3.410000   
543 346 347   2.720000   
544 346 336   6.200000   
545 346 337   7.890000   
546 346 338   11.290000  
547 346 325   11.260000  
548 346 326   46.410000  
549 346 339   31.560000  
550 346 340   22.580000  
551 346 341   25.510000  
552 346 348   3.510000   
553 346 342   8.750000   
554 346 343   9.280000   
555 346 349   3.900000   
556 331 314   10.540000  
557 331 350   2.400000   
558 331 315   12.260000  
559 331 316   9.180000   
560 331 317   13.130000  
561 331 327   13.840000  
562 331 318   15.030000  
563 331 328   3.230000   
564 331 329   1.880000   
565 331 344   3.090000   
566 331 330   4.340000   
567 331 345   19.920000  
568 331 319   17.390000  
569 331 320   33.920000  
570 331 346   27.150000  
571 331 332   8.890000   
572 331 333   19.020000  
573 331 321   42.100000  
574 331 351   21.540000  
575 331 322   4.640000   
576 331 323   4.670000   
577 331 324   9.000000   
578 331 334   2.160000   
579 331 335   2.690000   
580 331 347   3.220000   
581 331 336   5.380000   
582 331 337   9.380000   
583 331 338   11.120000  
584 331 325   11.170000  
585 331 326   41.860000  
586 331 339   31.900000  
587 331 340   25.400000  
588 331 341   26.940000  
589 331 348   2.380000   
590 331 342   10.380000  
591 331 343   6.070000   
592 331 349   4.340000   
593 332 314   1.270000   
594 332 350   0.470000   
595 332 315   1.860000   
596 332 316   1.170000   
597 332 317   1.500000   
598 332 327   3.220000   
599 332 318   2.090000   
600 332 328   1.020000   
601 332 329   0.500000   
602 332 344   1.090000   
603 332 330   1.040000   
604 332 345   6.090000   
605 332 319   3.870000   
606 332 320   10.890000  
607 332 346   10.080000  
608 332 331   10.650000  
609 332 333   3.560000   
610 332 321   8.960000   
611 332 351   5.290000   
612 332 322   1.350000   
613 332 323   0.920000   
614 332 324   2.220000   
615 332 334   0.390000   
616 332 335   0.830000   
617 332 347   0.670000   
618 332 336   1.460000   
619 332 337   1.900000   
620 332 338   2.890000   
621 332 325   3.200000   
622 332 326   11.510000  
623 332 339   7.560000   
624 332 340   6.600000   
625 332 341   6.530000   
626 332 348   0.750000   
627 332 342   2.450000   
628 332 343   2.820000   
629 332 349   1.250000   
630 333 314   3.130000   
631 333 350   0.780000   
632 333 315   4.120000   
633 333 316   2.040000   
634 333 317   3.650000   
635 333 327   4.690000   
636 333 318   4.720000   
637 333 328   1.580000   
638 333 329   0.980000   
639 333 344   1.560000   
640 333 330   2.270000   
641 333 345   7.890000   
642 333 319   5.080000   
643 333 320   17.310000  
644 333 346   14.200000  
645 333 331   18.580000  
646 333 332   2.890000   
647 333 321   13.110000  
648 333 351   7.990000   
649 333 322   2.000000   
650 333 323   1.860000   
651 333 324   3.380000   
652 333 334   0.830000   
653 333 335   1.260000   
654 333 347   1.350000   
655 333 336   2.050000   
656 333 337   3.880000   
657 333 338   4.840000   
658 333 325   5.260000   
659 333 326   19.500000  
660 333 339   10.790000  
661 333 340   9.050000   
662 333 341   11.270000  
663 333 348   1.120000   
664 333 342   5.310000   
665 333 343   3.430000   
666 333 349   2.570000   
667 321 314   9.110000   
668 321 350   2.370000   
669 321 315   11.860000  
670 321 316   7.800000   
671 321 317   11.090000  
672 321 327   20.180000  
673 321 318   15.520000  
674 321 328   3.940000   
675 321 329   3.090000   
676 321 344   6.590000   
677 321 330   7.700000   
678 321 345   26.630000  
679 321 319   24.640000  
680 321 320   56.470000  
681 321 346   56.120000  
682 321 331   54.720000  
683 321 332   10.720000  
684 321 333   17.080000  
685 321 351   22.540000  
686 321 322   6.260000   
687 321 323   3.890000   
688 321 324   10.090000  
689 321 334   2.770000   
690 321 335   2.270000   
691 321 347   3.770000   
692 321 336   8.530000   
693 321 337   11.180000  
694 321 338   16.740000  
695 321 325   17.450000  
696 321 326   47.980000  
697 321 339   43.500000  
698 321 340   39.880000  
699 321 341   35.870000  
700 321 348   0.290000   
701 321 342   11.000000  
702 321 343   10.300000  
703 321 349   5.300000   
704 351 314   2.510000   
705 351 350   0.630000   
706 351 315   3.840000   
707 351 316   1.660000   
708 351 317   3.400000   
709 351 327   4.480000   
710 351 318   4.700000   
711 351 328   1.660000   
712 351 329   1.040000   
713 351 344   1.640000   
714 351 330   2.430000   
715 351 345   11.670000  
716 351 319   7.920000   
717 351 320   17.720000  
718 351 346   17.630000  
719 351 331   20.710000  
720 351 332   4.170000   
721 351 333   7.810000   
722 351 321   17.300000  
723 351 322   1.640000   
724 351 323   1.660000   
725 351 324   2.860000   
726 351 334   0.750000   
727 351 335   1.130000   
728 351 347   1.210000   
729 351 336   1.900000   
730 351 337   3.710000   
731 351 338   4.370000   
732 351 325   4.470000   
733 351 326   18.840000  
734 351 339   14.570000  
735 351 340   10.810000  
736 351 341   10.820000  
737 351 348   1.420000   
738 351 342   4.990000   
739 351 343   3.240000   
740 351 349   2.530000   
741 322 314   41.790000  
742 322 350   10.170000  
743 322 315   43.130000  
744 322 316   36.290000  
745 322 317   40.870000  
746 322 327   48.860000  
747 322 318   44.240000  
748 322 328   12.060000  
749 322 329   7.690000   
750 322 344   13.370000  
751 322 330   17.010000  
752 322 345   3.360000   
753 322 319   2.690000   
754 322 320   4.680000   
755 322 346   5.260000   
756 322 331   5.610000   
757 322 332   1.200000   
758 322 333   2.500000   
759 322 321   4.220000   
760 322 351   2.120000   
761 322 323   12.440000  
762 322 324   29.080000  
763 322 334   6.650000   
764 322 335   7.010000   
765 322 347   8.920000   
766 322 336   17.520000  
767 322 337   30.850000  
768 322 338   1.650000   
769 322 325   1.880000   
770 322 326   6.990000   
771 322 339   5.060000   
772 322 340   4.130000   
773 322 341   4.490000   
774 322 348   2.030000   
775 322 342   9.510000   
776 322 343   6.400000   
777 322 349   3.940000   
778 323 314   31.960000  
779 323 350   7.770000   
780 323 315   29.300000  
781 323 316   36.190000  
782 323 317   32.140000  
783 323 327   42.330000  
784 323 318   34.760000  
785 323 328   10.690000  
786 323 329   5.710000   
787 323 344   12.920000  
788 323 330   13.500000  
789 323 345   2.890000   
790 323 319   2.440000   
791 323 320   4.380000   
792 323 346   4.880000   
793 323 331   5.060000   
794 323 332   1.030000   
795 323 333   2.090000   
796 323 321   2.860000   
797 323 351   1.900000   
798 323 322   13.020000  
799 323 324   20.380000  
800 323 334   3.910000   
801 323 335   6.330000   
802 323 347   5.840000   
803 323 336   13.900000  
804 323 337   19.460000  
805 323 338   1.490000   
806 323 325   1.760000   
807 323 326   5.570000   
808 323 339   4.270000   
809 323 340   3.640000   
810 323 341   3.380000   
811 323 348   1.360000   
812 323 342   7.030000   
813 323 343   5.880000   
814 323 349   2.700000   
815 324 314   73.610000  
816 324 350   13.150000  
817 324 315   64.930000  
818 324 316   76.130000  
819 324 317   83.210000  
820 324 327   78.440000  
821 324 318   87.990000  
822 324 328   22.190000  
823 324 329   13.730000  
824 324 344   25.770000  
825 324 330   33.690000  
826 324 345   6.120000   
827 324 319   4.840000   
828 324 320   9.100000   
829 324 346   9.990000   
830 324 331   11.000000  
831 324 332   2.050000   
832 324 333   4.310000   
833 324 321   6.850000   
834 324 351   3.730000   
835 324 322   29.590000  
836 324 323   19.780000  
837 324 334   10.220000  
838 324 335   16.010000  
839 324 347   16.430000  
840 324 336   27.170000  
841 324 337   50.610000  
842 324 338   3.510000   
843 324 325   4.320000   
844 324 326   13.410000  
845 324 339   8.650000   
846 324 340   7.400000   
847 324 341   7.920000   
848 324 348   3.050000   
849 324 342   15.990000  
850 324 343   10.080000  
851 324 349   6.050000   
852 334 314   12.330000  
853 334 350   3.300000   
854 334 315   10.350000  
855 334 316   14.350000  
856 334 317   12.930000  
857 334 327   14.050000  
858 334 318   13.780000  
859 334 328   4.040000   
860 334 329   2.150000   
861 334 344   5.550000   
862 334 330   5.540000   
863 334 345   1.100000   
864 334 319   0.760000   
865 334 320   1.620000   
866 334 346   1.630000   
867 334 331   2.020000   
868 334 332   0.370000   
869 334 333   0.790000   
870 334 321   2.000000   
871 334 351   0.740000   
872 334 322   6.220000   
873 334 323   3.480000   
874 334 324   9.390000   
875 334 335   3.500000   
876 334 347   2.470000   
877 334 336   4.440000   
878 334 337   6.400000   
879 334 338   0.440000   
880 334 325   0.610000   
881 334 326   1.920000   
882 334 339   1.530000   
883 334 340   1.070000   
884 334 341   1.030000   
885 334 348   0.900000   
886 334 342   2.150000   
887 334 343   2.080000   
888 334 349   0.880000   
889 335 314   22.180000  
890 335 350   5.360000   
891 335 315   23.460000  
892 335 316   19.710000  
893 335 317   21.770000  
894 335 327   29.310000  
895 335 318   25.110000  
896 335 328   6.210000   
897 335 329   4.380000   
898 335 344   7.890000   
899 335 330   10.060000  
900 335 345   2.210000   
901 335 319   2.070000   
902 335 320   3.310000   
903 335 346   3.810000   
904 335 331   3.550000   
905 335 332   0.900000   
906 335 333   1.700000   
907 335 321   1.590000   
908 335 351   1.560000   
909 335 322   7.870000   
910 335 323   6.800000   
911 335 324   17.720000  
912 335 334   4.150000   
913 335 347   4.650000   
914 335 336   10.430000  
915 335 337   16.430000  
916 335 338   0.980000   
917 335 325   1.040000   
918 335 326   3.500000   
919 335 339   3.500000   
920 335 340   3.000000   
921 335 341   2.630000   
922 335 348   0.710000   
923 335 342   5.320000   
924 335 343   4.650000   
925 335 349   2.780000   
926 347 314   19.020000  
927 347 350   5.890000   
928 347 315   20.660000  
929 347 316   21.370000  
930 347 317   19.420000  
931 347 327   28.630000  
932 347 318   21.460000  
933 347 328   7.230000   
934 347 329   3.850000   
935 347 344   8.410000   
936 347 330   8.460000   
937 347 345   1.860000   
938 347 319   1.450000   
939 347 320   2.730000   
940 347 346   2.920000   
941 347 331   3.210000   
942 347 332   0.680000   
943 347 333   1.390000   
944 347 321   2.730000   
945 347 351   1.280000   
946 347 322   8.750000   
947 347 323   5.420000   
948 347 324   15.850000  
949 347 334   2.600000   
950 347 335   4.090000   
951 347 336   8.410000   
952 347 337   11.130000  
953 347 338   0.700000   
954 347 325   0.870000   
955 347 326   2.840000   
956 347 339   2.750000   
957 347 340   1.960000   
958 347 341   1.820000   
959 347 348   1.290000   
960 347 342   3.540000   
961 347 343   3.870000   
962 347 349   1.730000   
963 336 314   40.440000  
964 336 350   9.150000   
965 336 315   36.180000  
966 336 316   35.130000  
967 336 317   42.980000  
968 336 327   34.990000  
969 336 318   47.730000  
970 336 328   9.610000   
971 336 329   6.320000   
972 336 344   13.230000  
973 336 330   18.940000  
974 336 345   3.410000   
975 336 319   2.410000   
976 336 320   5.030000   
977 336 346   5.070000   
978 336 331   6.140000   
979 336 332   1.160000   
980 336 333   2.450000   
981 336 321   5.730000   
982 336 351   2.350000   
983 336 322   16.490000  
984 336 323   12.660000  
985 336 324   25.150000  
986 336 334   4.530000   
987 336 335   8.880000   
988 336 347   8.160000   
989 336 337   19.740000  
990 336 338   1.320000   
991 336 325   1.800000   
992 336 326   5.230000   
993 336 339   4.430000   
994 336 340   3.040000   
995 336 341   2.730000   
996 336 348   2.360000   
997 336 342   8.220000   
998 336 343   5.040000   
999 336 349   3.280000   
1000 337 314  48.310000  
1001 337 350  15.010000  
1002 337 315  50.950000  
1003 337 316  55.270000  
1004 337 317  52.030000  
1005 337 327  63.420000  
1006 337 318  59.110000  
1007 337 328  14.290000  
1008 337 329  7.700000   
1009 337 344  21.390000  
1010 337 330  24.570000  
1011 337 345  4.700000   
1012 337 319  3.630000   
1013 337 320  8.150000   
1014 337 346  8.430000   
1015 337 331  9.320000   
1016 337 332  1.930000   
1017 337 333  3.970000   
1018 337 321  8.090000   
1019 337 351  3.900000   
1020 337 322  30.190000  
1021 337 323  18.040000  
1022 337 324  48.730000  
1023 337 334  6.700000   
1024 337 335  14.380000  
1025 337 347  11.110000  
1026 337 336  20.310000  
1027 337 338  2.060000   
1028 337 325  2.650000   
1029 337 326  6.850000   
1030 337 339  5.810000   
1031 337 340  4.000000   
1032 337 341  3.640000   
1033 337 348  3.300000   
1034 337 342  9.590000   
1035 337 343  9.900000   
1036 337 349  4.450000   
1037 338 314  3.090000   
1038 338 350  1.090000   
1039 338 315  3.420000   
1040 338 316  3.550000   
1041 338 317  3.140000   
1042 338 327  5.290000   
1043 338 318  3.460000   
1044 338 328  1.500000   
1045 338 329  0.680000   
1046 338 344  1.520000   
1047 338 330  1.410000   
1048 338 345  7.820000   
1049 338 319  5.550000   
1050 338 320  11.190000  
1051 338 346  11.330000  
1052 338 331  13.280000  
1053 338 332  2.840000   
1054 338 333  5.990000   
1055 338 321  13.970000  
1056 338 351  5.490000   
1057 338 322  1.810000   
1058 338 323  1.290000   
1059 338 324  3.710000   
1060 338 334  0.460000   
1061 338 335  0.890000   
1062 338 347  0.670000   
1063 338 336  1.650000   
1064 338 337  1.980000   
1065 338 325  3.210000   
1066 338 326  10.330000  
1067 338 339  10.030000  
1068 338 340  6.830000   
1069 338 341  6.890000   
1070 338 348  1.090000   
1071 338 342  2.640000   
1072 338 343  3.740000   
1073 338 349  1.530000   
1074 325 314  2.890000   
1075 325 350  0.720000   
1076 325 315  3.240000   
1077 325 316  2.060000   
1078 325 317  2.790000   
1079 325 327  3.200000   
1080 325 318  3.180000   
1081 325 328  1.140000   
1082 325 329  0.640000   
1083 325 344  0.940000   
1084 325 330  1.300000   
1085 325 345  6.300000   
1086 325 319  4.330000   
1087 325 320  8.670000   
1088 325 346  8.510000   
1089 325 331  10.550000  
1090 325 332  2.400000   
1091 325 333  5.060000   
1092 325 321  13.370000  
1093 325 351  4.370000   
1094 325 322  1.370000   
1095 325 323  1.490000   
1096 325 324  3.150000   
1097 325 334  0.590000   
1098 325 335  0.730000   
1099 325 347  0.790000   
1100 325 336  1.340000   
1101 325 337  2.430000   
1102 325 338  2.440000   
1103 325 326  10.480000  
1104 325 339  8.930000   
1105 325 340  6.630000   
1106 325 341  6.890000   
1107 325 348  0.970000   
1108 325 342  2.780000   
1109 325 343  2.310000   
1110 325 349  1.910000   
1111 326 314  11.970000  
1112 326 350  3.830000   
1113 326 315  13.570000  
1114 326 316  13.040000  
1115 326 317  12.540000  
1116 326 327  21.160000  
1117 326 318  14.560000  
1118 326 328  4.880000   
1119 326 329  2.360000   
1120 326 344  6.200000   
1121 326 330  6.160000   
1122 326 345  29.460000  
1123 326 319  22.480000  
1124 326 320  48.440000  
1125 326 346  49.810000  
1126 326 331  51.330000  
1127 326 332  12.090000  
1128 326 333  24.540000  
1129 326 321  40.290000  
1130 326 351  24.050000  
1131 326 322  8.390000   
1132 326 323  5.430000   
1133 326 324  15.590000  
1134 326 334  2.230000   
1135 326 335  3.460000   
1136 326 347  3.060000   
1137 326 336  6.930000   
1138 326 337  7.430000   
1139 326 338  10.980000  
1140 326 325  13.770000  
1141 326 339  31.310000  
1142 326 340  22.830000  
1143 326 341  23.600000  
1144 326 348  2.370000   
1145 326 342  9.140000   
1146 326 343  12.790000  
1147 326 349  5.890000   
1148 339 314  6.430000   
1149 339 350  1.590000   
1150 339 315  7.660000   
1151 339 316  4.560000   
1152 339 317  7.030000   
1153 339 327  8.230000   
1154 339 318  8.360000   
1155 339 328  2.740000   
1156 339 329  1.350000   
1157 339 344  2.600000   
1158 339 330  3.780000   
1159 339 345  12.900000  
1160 339 319  8.030000   
1161 339 320  27.510000  
1162 339 346  25.090000  
1163 339 331  30.610000  
1164 339 332  5.940000   
1165 339 333  10.540000  
1166 339 321  33.360000  
1167 339 351  14.550000  
1168 339 322  3.880000   
1169 339 323  3.730000   
1170 339 324  6.570000   
1171 339 334  1.540000   
1172 339 335  2.540000   
1173 339 347  2.600000   
1174 339 336  3.540000   
1175 339 337  5.490000   
1176 339 338  7.960000   
1177 339 325  9.130000   
1178 339 326  24.430000  
1179 339 340  10.770000  
1180 339 341  13.240000  
1181 339 348  1.570000   
1182 339 342  7.710000   
1183 339 343  5.740000   
1184 339 349  4.580000   
1185 340 314  5.440000   
1186 340 350  1.910000   
1187 340 315  6.430000   
1188 340 316  6.240000   
1189 340 317  6.090000   
1190 340 327  10.510000  
1191 340 318  6.950000   
1192 340 328  2.500000   
1193 340 329  0.960000   
1194 340 344  3.100000   
1195 340 330  3.060000   
1196 340 345  11.520000  
1197 340 319  7.650000   
1198 340 320  26.740000  
1199 340 346  22.660000  
1200 340 331  30.320000  
1201 340 332  6.480000   
1202 340 333  11.200000  
1203 340 321  33.260000  
1204 340 351  13.650000  
1205 340 322  4.520000   
1206 340 323  3.140000   
1207 340 324  7.840000   
1208 340 334  1.110000   
1209 340 335  2.720000   
1210 340 347  1.850000   
1211 340 336  3.770000   
1212 340 337  3.820000   
1213 340 338  6.770000   
1214 340 325  8.750000   
1215 340 326  21.350000  
1216 340 339  13.670000  
1217 340 341  11.060000  
1218 340 348  1.800000   
1219 340 342  5.690000   
1220 340 343  7.270000   
1221 340 349  3.020000   
1222 341 314  6.230000   
1223 341 350  1.510000   
1224 341 315  7.090000   
1225 341 316  4.870000   
1226 341 317  6.830000   
1227 341 327  6.600000   
1228 341 318  7.650000   
1229 341 328  1.670000   
1230 341 329  0.920000   
1231 341 344  2.050000   
1232 341 330  3.260000   
1233 341 345  10.430000  
1234 341 319  7.410000   
1235 341 320  21.960000  
1236 341 346  20.400000  
1237 341 331  25.910000  
1238 341 332  5.150000   
1239 341 333  11.040000  
1240 341 321  27.520000  
1241 341 351  10.820000  
1242 341 322  3.470000   
1243 341 323  2.960000   
1244 341 324  6.070000   
1245 341 334  1.060000   
1246 341 335  1.910000   
1247 341 347  1.720000   
1248 341 336  2.190000   
1249 341 337  3.470000   
1250 341 338  5.480000   
1251 341 325  7.060000   
1252 341 326  18.490000  
1253 341 339  13.280000  
1254 341 340  8.760000   
1255 341 348  1.590000   
1256 341 342  6.920000   
1257 341 343  4.560000   
1258 341 349  3.300000   
1259 348 314  5.080000   
1260 348 350  1.210000   
1261 348 315  6.010000   
1262 348 316  4.010000   
1263 348 317  5.130000   
1264 348 327  8.500000   
1265 348 318  6.960000   
1266 348 328  1.600000   
1267 348 329  1.390000   
1268 348 344  2.530000   
1269 348 330  3.140000   
1270 348 345  2.040000   
1271 348 319  2.030000   
1272 348 320  3.720000   
1273 348 346  4.650000   
1274 348 331  3.240000   
1275 348 332  0.990000   
1276 348 333  1.520000   
1277 348 321  0.320000   
1278 348 351  1.950000   
1279 348 322  3.320000   
1280 348 323  2.180000   
1281 348 324  4.990000   
1282 348 334  1.450000   
1283 348 335  1.140000   
1284 348 347  2.070000   
1285 348 336  3.890000   
1286 348 337  5.330000   
1287 348 338  1.440000   
1288 348 325  1.320000   
1289 348 326  3.130000   
1290 348 339  2.150000   
1291 348 340  2.390000   
1292 348 341  2.160000   
1293 348 342  16.950000  
1294 348 343  15.460000  
1295 348 349  9.020000   
1296 342 314  9.210000   
1297 342 350  3.370000   
1298 342 315  10.840000  
1299 342 316  9.720000   
1300 342 317  9.110000   
1301 342 327  17.680000  
1302 342 318  11.150000  
1303 342 328  5.270000   
1304 342 329  2.470000   
1305 342 344  5.230000   
1306 342 330  4.690000   
1307 342 345  6.510000   
1308 342 319  4.760000   
1309 342 320  9.640000   
1310 342 346  9.010000   
1311 342 331  10.210000  
1312 342 332  2.450000   
1313 342 333  5.340000   
1314 342 321  8.380000   
1315 342 351  5.090000   
1316 342 322  8.760000   
1317 342 323  5.810000   
1318 342 324  14.330000  
1319 342 334  2.320000   
1320 342 335  4.080000   
1321 342 347  3.370000   
1322 342 336  8.470000   
1323 342 337  9.140000   
1324 342 338  2.670000   
1325 342 325  2.880000   
1326 342 326  8.530000   
1327 342 339  7.890000   
1328 342 340  5.790000   
1329 342 341  7.060000   
1330 342 348  12.520000  
1331 342 343  40.070000  
1332 342 349  31.050000  
1333 343 314  7.510000   
1334 343 350  1.980000   
1335 343 315  9.620000   
1336 343 316  4.490000   
1337 343 317  7.020000   
1338 343 327  10.820000  
1339 343 318  9.940000   
1340 343 328  3.450000   
1341 343 329  2.350000   
1342 343 344  3.310000   
1343 343 330  4.410000   
1344 343 345  5.320000   
1345 343 319  4.050000   
1346 343 320  7.830000   
1347 343 346  7.310000   
1348 343 331  7.880000   
1349 343 332  2.200000   
1350 343 333  4.590000   
1351 343 321  6.940000   
1352 343 351  4.470000   
1353 343 322  6.000000   
1354 343 323  5.150000   
1355 343 324  9.120000   
1356 343 334  2.280000   
1357 343 335  3.540000   
1358 343 347  3.820000   
1359 343 336  5.410000   
1360 343 337  9.900000   
1361 343 338  2.920000   
1362 343 325  3.320000   
1363 343 326  9.580000   
1364 343 339  7.940000   
1365 343 340  5.670000   
1366 343 341  6.270000   
1367 343 348  11.310000  
1368 343 342  40.560000  
1369 343 349  17.200000  
1370 349 314  2.870000   
1371 349 350  1.160000   
1372 349 315  4.000000   
1373 349 316  2.480000   
1374 349 317  2.690000   
1375 349 327  6.760000   
1376 349 318  4.020000   
1377 349 328  2.150000   
1378 349 329  1.060000   
1379 349 344  2.120000   
1380 349 330  1.870000   
1381 349 345  2.920000   
1382 349 319  2.260000   
1383 349 320  4.450000   
1384 349 346  4.050000   
1385 349 331  4.310000   
1386 349 332  1.250000   
1387 349 333  2.610000   
1388 349 321  4.040000   
1389 349 351  2.590000   
1390 349 322  3.700000   
1391 349 323  2.280000   
1392 349 324  5.530000   
1393 349 334  0.960000   
1394 349 335  2.150000   
1395 349 347  1.670000   
1396 349 336  3.440000   
1397 349 337  4.330000   
1398 349 338  1.580000   
1399 349 325  2.010000   
1400 349 326  5.550000   
1401 349 339  4.730000   
1402 349 340  3.110000   
1403 349 341  3.400000   
1404 349 348  6.660000   
1405 349 342  31.340000  
1406 349 343  17.170000  
