# id x y
314 0.405135 1.94117
350 0.421912 1.65969
315 0.807785 1.75973
316 0.223694 2.35562
317 0.759939 2.32891
327 1.0495 1.66839
318 1.09859 2.0263
328 1.34651 1.49627
329 1.55902 1.37758
344 1.46893 1.77153
330 1.57704 1.99212
345 1.85355 1.2502
319 1.89767 1.04763
320 2.2792 1.60873
346 2.00703 1.50248
331 1.84672 1.77091
332 2.29473 0.649956
333 2.15554 0.880485
321 2.37364 1.00538
351 2.65823 1.14146
322 0.596518 0.809649
323 0.670461 1.09672
324 0.593411 1.25952
334 0.878621 1.20111
335 0.805299 0.684131
347 0.877378 0.93268
336 1.01035 1.20484
337 1.19304 1.13773
338 1.01594 0.798464
325 0.994196 0.528788
326 1.27506 0.807785
339 1.68703 0.833882
340 1.5584 0.994196
341 1.38753 1.10542
348 1.66776 0.545565
342 1.27444 0.433097
343 1.53852 0.127381
349 1.71002 0.0211267
0 1.77837 1.51615
1 1.76097 1.52609
2 1.77091 1.50559
3 1.75414 1.51677
4 1.76532 0.967477
5 2.01511 1.81689
6 2.0002 1.82621
7 1.97783 1.80944
8 1.77713 0.987361
9 1.79639 1.54287
10 1.8753 1.66031
11 1.85915 1.67025
12 1.99336 1.80012
13 1.96416 0.758696
14 2.00268 0.703394
15 2.01946 0.717064
16 1.93682 0.83761
17 2.08781 1.89332
18 1.91693 1.75538
19 1.88462 0.875514
20 1.89954 0.891049
21 0.724521 2.52837
22 0.7152 2.59361
23 0.712093 2.44386
24 0.704637 2.52961
25 0.712715 2.37178
26 0.735705 2.4159
27 0.732598 2.45256
28 0.731977 2.36992
29 1.42605 1.04515
30 1.36081 0.948215
31 1.37758 0.936409
32 1.14954 0.600867
33 1.13276 0.608945
34 1.32849 0.865572
35 1.52112 1.14519
36 1.28127 0.831397
37 2.15803 0.512633
38 1.20484 0.713957
39 1.21727 0.703394
40 1.5031 1.15637
41 1.59444 1.11971
42 1.58388 1.12717
43 1.72431 1.02713
44 1.71312 1.03521
45 1.70505 1.01408
46 1.58077 1.10418
47 1.53293 1.16197
48 1.14022 1.37261
49 1.13401 1.35459
50 2.06358 0.653684
51 2.08657 0.582226
52 1.51429 1.17315
53 2.10397 0.594654
54 1.03086 0.4797
55 1.14705 1.35149
56 1.15327 1.36888
57 1.06255 0.485913
58 1.33471 1.24647
59 1.34527 1.26574
60 1.23529 1.3024
61 1.68454 1.41424
62 1.59506 1.25144
63 1.62862 1.30053
64 1.24399 1.32042
65 1.64353 1.35894
66 1.40182 1.23467
67 1.57394 1.26263
68 1.3925 1.21603
69 1.32228 1.96416
70 1.33347 1.95795
71 1.28686 1.76532
72 1.29618 1.80322
73 1.38442 2.20712
74 1.37883 2.1835
75 1.28438 1.8113
76 1.30178 1.88152
77 1.28748 1.82559
78 1.39374 2.2009
79 1.38877 2.17729
80 1.29991 1.81752
81 1.35584 2.04991
82 1.2763 1.77775
83 1.24461 1.62054
84 1.28189 1.59506
85 1.19241 1.48135
86 1.2241 1.56027
87 1.24958 1.68268
88 1.23218 1.58388
89 1.19987 1.53728
90 1.17937 1.48694
91 0.847552 0.583469
92 1.08989 1.22659
93 0.852523 0.625101
94 1.21478 1.02464
95 0.866194 0.617645
96 1.04763 0.632557
97 1.06565 1.10294
98 1.05198 1.10977
99 1.12034 1.3142
100 0.913418 0.733841
101 0.927709 0.724521
102 1.33222 1.77837
103 1.34092 1.79017
104 2.21582 0.66549
105 2.1748 0.725763
106 2.22824 1.24834
107 2.4712 0.641257
108 2.57994 0.682889
109 2.69614 0.717064
110 2.69924 0.72887
111 2.58429 0.675432
112 2.22327 1.25704
113 2.13131 0.786658
114 0.710229 2.34755
115 1.58574 1.61805
116 1.59196 1.62924
117 0.730113 2.34692
118 1.78769 1.10791
119 1.77464 1.11785
120 1.67771 1.18993
121 1.02029 0.96872
122 0.633179 1.62862
123 0.631315 1.57953
124 0.625101 1.48073
125 0.648713 1.47887
126 0.648092 1.51366
127 0.949458 0.766774
128 1.33409 2.21084
129 1.16632 1.90761
130 1.06503 1.97534
131 0.989847 2.02692
132 1.12717 2.30529
133 1.13214 2.28106
134 1.9915 0.989847
135 2.01573 1.3782
136 2.12882 1.29929
137 2.21147 1.24461
138 1.98591 0.999789
139 1.82621 1.4739
140 2.21892 1.2384
141 1.15948 1.89581
142 0.98239 2.01511
143 0.946351 1.9567
144 0.692831 1.93744
145 1.0582 1.96416
146 0.671083 1.93993
147 1.07808 1.73549
148 0.961264 1.81627
149 0.682267 2.06171
150 0.678539 2.00952
151 0.888563 1.86412
152 0.0155343 2.41093
153 0.573527 2.35625
154 0.523817 2.35997
155 0.700287 2.24751
156 0.356047 2.1891
157 0.690966 2.15368
158 0.42564 2.39291
159 0.375931 2.39477
160 0.574148 2.38234
161 0.23985 2.30094
162 0.475972 2.38918
163 0.267812 2.19531
164 0.27154 2.18164
165 1.09113 2.18661
166 1.72182 1.74606
167 1.76781 1.94241
168 1.80136 2.00268
169 1.89643 1.89705
170 1.78272 1.96913
171 1.61805 1.67895
172 1.67274 1.7734
173 0.750618 1.46147
174 1.47141 2.15368
175 0.723278 1.46271
176 0.748754 1.45153
177 0.809027 1.43226
178 1.49129 2.14187
179 1.4596 2.13379
180 1.54038 2.08533
181 1.55778 2.07476
182 1.0843 1.36764
183 1.0321 1.37883
184 1.03956 1.39436
185 1.55219 2.10645
186 1.65223 2.01635
187 1.66341 2.0381
188 1.47949 2.12137
189 1.87655 0.884835
190 1.89208 0.900369
191 1.87841 1.86785
192 1.72742 1.86909
193 0.5524 2.15181
194 0.690345 2.13814
195 1.81254 2.02319
196 0.21748 2.38296
197 0.625722 1.44221
198 0.657412 0.90534
199 0.761803 1.30302
200 0.664247 1.50931
201 0.751861 1.6454
202 0.818348 1.60066
203 0.848174 1.6454
204 0.779823 1.68951
205 0.737569 1.48632
206 0.819591 1.75289
207 0.909068 1.42605
208 2.57373 0.671083
209 3.08512 0.103148
210 1.79763 0.797221
211 1.46333 0.877378
212 1.62675 0.919632
213 1.40803 0.310065
214 1.39312 0.268433
215 1.58574 0.8693
216 1.66776 0.96872
217 1.40679 0.269676
218 1.55902 0.0329328
219 1.54908 0.261598
220 1.37013 0
221 1.64167 0.163421
222 1.49813 0.754968
223 1.34527 0.6338
224 1.15762 0.597761
225 1.18558 0.585954
226 1.37696 0.434961
227 1.42294 0.38463
228 1.18869 0.601489
229 1.44904 0.656791
230 1.43475 0.674811
231 1.41487 0.649956
232 1.52796 0.274647
233 2.97389 0.0851281
234 1.90575 1.64105
235 2.05612 1.76097
236 2.56938 0.67916
237 2.51842 0.659276
238 2.50972 0.65617
239 2.28665 1.64229
240 2.07041 1.78272
241 2.42646 1.57394
242 2.37861 1.60438
243 1.71437 0.712093
244 1.75786 0.753104
245 0.98239 1.14457
246 1.69821 0.28956
247 0.548672 0.658655
248 0.549293 0.660519
249 0.567935 0.707744
250 0.579741 0.731977
251 0.597139 0.758696
252 0.305715 1.44034
253 0.522574 1.49067
254 0.164664 1.85418
255 0.526924 1.91631
256 0.65182 1.2676
257 0.433097 1.9014
258 0.347347 1.88711
259 0.661762 0.988604
260 0.676675 0.989225
261 0.631936 1.26201
262 0.658655 1.13401
263 0.712093 2.15057
264 0.720792 2.24502
265 0.725142 2.29659
266 0.715821 2.19904
267 0.711472 2.13628
268 0.611431 1.41859
269 0.626344 1.41673
270 0.431854 1.12966
271 0.539973 1.30302
272 2.74709 0.836368
273 2.73653 0.813377
274 2.41217 1.45836
275 2.78748 0.928331
276 2.71726 0.768638
277 2.72845 0.794114
278 2.7067 0.746269
279 0.270297 2.40347
280 0.324357 2.39912
281 0.218102 2.4072
282 0.84631 2.10148
283 0.841339 2.09092
284 0.811513 1.90699
285 2.53085 0.74689
286 2.4973 0.811513
287 2.57124 0.695937
288 2.36184 1.01097
289 2.28603 1.15327
290 1.97162 0.969341
291 1.96416 0.976177
292 1.92253 1.00787
293 1.92874 0.938273
294 1.87655 1.04204
295 1.76781 0.743783
296 1.59009 0.686617
297 1.68578 0.706501
298 1.57207 0.263462
299 1.56337 0.276511
300 1.04701 2.29411
301 2.42211 1.56337
302 1.65037 0.177713
303 1.39187 0.0795357
304 1.38628 0.12676
305 1.39063 0.251656
306 1.35397 0.00621373
307 1.37634 0.0845067
308 1.40741 0.252899
309 0 2.41963
310 2.15554 1.16445
311 2.35376 0.58409
312 0.432475 1.13028
313 0.0354182 2.40968
