# id node_number1 node_number2 length capacity type alpha beta gamma
#   where type is 0 for artificial and 1 for a real link
19584 335 302 0.000000 999999.000000 0
19585 302 335 0.000000 999999.000000 0
19586 336 177 0.000000 999999.000000 0
19587 177 336 0.000000 999999.000000 0
19588 337 168 0.000000 999999.000000 0
19589 168 337 0.000000 999999.000000 0
19590 338 276 0.000000 999999.000000 0
19591 276 338 0.000000 999999.000000 0
19592 338 285 0.000000 999999.000000 0
19593 285 338 0.000000 999999.000000 0
19594 339 243 0.000000 999999.000000 0
19595 243 339 0.000000 999999.000000 0
19596 339 245 0.000000 999999.000000 0
19597 245 339 0.000000 999999.000000 0
19598 339 246 0.000000 999999.000000 0
19599 246 339 0.000000 999999.000000 0
19600 340 44 0.000000 999999.000000 0
19601 44 340 0.000000 999999.000000 0
19602 341 61 0.000000 999999.000000 0
19603 61 341 0.000000 999999.000000 0
19604 342 107 0.000000 999999.000000 0
19605 107 342 0.000000 999999.000000 0
19606 343 56 0.000000 999999.000000 0
19607 56 343 0.000000 999999.000000 0
19608 343 57 0.000000 999999.000000 0
19609 57 343 0.000000 999999.000000 0
19610 343 68 0.000000 999999.000000 0
19611 68 343 0.000000 999999.000000 0
19612 343 70 0.000000 999999.000000 0
19613 70 343 0.000000 999999.000000 0
19614 344 211 0.000000 999999.000000 0
19615 211 344 0.000000 999999.000000 0
19616 344 215 0.000000 999999.000000 0
19617 215 344 0.000000 999999.000000 0
19618 345 159 0.000000 999999.000000 0
19619 159 345 0.000000 999999.000000 0
19620 345 164 0.000000 999999.000000 0
19621 164 345 0.000000 999999.000000 0
19622 345 165 0.000000 999999.000000 0
19623 165 345 0.000000 999999.000000 0
19624 346 38 0.000000 999999.000000 0
19625 38 346 0.000000 999999.000000 0
19626 335 143 0.000000 999999.000000 0
19627 143 335 0.000000 999999.000000 0
19628 336 182 0.000000 999999.000000 0
19629 182 336 0.000000 999999.000000 0
19630 347 178 0.000000 999999.000000 0
19631 178 347 0.000000 999999.000000 0
19632 347 199 0.000000 999999.000000 0
19633 199 347 0.000000 999999.000000 0
19634 347 288 0.000000 999999.000000 0
19635 288 347 0.000000 999999.000000 0
19636 337 134 0.000000 999999.000000 0
19637 134 337 0.000000 999999.000000 0
19638 337 319 0.000000 999999.000000 0
19639 319 337 0.000000 999999.000000 0
19640 338 271 0.000000 999999.000000 0
19641 271 338 0.000000 999999.000000 0
19642 338 272 0.000000 999999.000000 0
19643 272 338 0.000000 999999.000000 0
19644 348 228 0.000000 999999.000000 0
19645 228 348 0.000000 999999.000000 0
19646 348 229 0.000000 999999.000000 0
19647 229 348 0.000000 999999.000000 0
19648 348 232 0.000000 999999.000000 0
19649 232 348 0.000000 999999.000000 0
19650 348 233 0.000000 999999.000000 0
19651 233 348 0.000000 999999.000000 0
19652 349 292 0.000000 999999.000000 0
19653 292 349 0.000000 999999.000000 0
19654 349 293 0.000000 999999.000000 0
19655 293 349 0.000000 999999.000000 0
19656 350 250 0.000000 999999.000000 0
19657 250 350 0.000000 999999.000000 0
19658 339 237 0.000000 999999.000000 0
19659 237 339 0.000000 999999.000000 0
19660 351 113 0.000000 999999.000000 0
19661 113 351 0.000000 999999.000000 0
19662 351 115 0.000000 999999.000000 0
19663 115 351 0.000000 999999.000000 0
19664 351 122 0.000000 999999.000000 0
19665 122 351 0.000000 999999.000000 0
19666 351 124 0.000000 999999.000000 0
19667 124 351 0.000000 999999.000000 0
19668 340 42 0.000000 999999.000000 0
19669 42 340 0.000000 999999.000000 0
19670 340 43 0.000000 999999.000000 0
19671 43 340 0.000000 999999.000000 0
19672 352 118 0.000000 999999.000000 0
19673 118 352 0.000000 999999.000000 0
19674 352 119 0.000000 999999.000000 0
19675 119 352 0.000000 999999.000000 0
19676 352 129 0.000000 999999.000000 0
19677 129 352 0.000000 999999.000000 0
19678 352 130 0.000000 999999.000000 0
19679 130 352 0.000000 999999.000000 0
19680 353 19 0.000000 999999.000000 0
19681 19 353 0.000000 999999.000000 0
19682 353 22 0.000000 999999.000000 0
19683 22 353 0.000000 999999.000000 0
19684 353 307 0.000000 999999.000000 0
19685 307 353 0.000000 999999.000000 0
19686 353 310 0.000000 999999.000000 0
19687 310 353 0.000000 999999.000000 0
19688 341 59 0.000000 999999.000000 0
19689 59 341 0.000000 999999.000000 0
19690 341 60 0.000000 999999.000000 0
19691 60 341 0.000000 999999.000000 0
19692 341 62 0.000000 999999.000000 0
19693 62 341 0.000000 999999.000000 0
19694 344 145 0.000000 999999.000000 0
19695 145 344 0.000000 999999.000000 0
19696 344 148 0.000000 999999.000000 0
19697 148 344 0.000000 999999.000000 0
19698 345 0 0.000000 999999.000000 0
19699 0 345 0.000000 999999.000000 0
19700 346 10 0.000000 999999.000000 0
19701 10 346 0.000000 999999.000000 0
19702 346 37 0.000000 999999.000000 0
19703 37 346 0.000000 999999.000000 0
19704 354 182 0.000000 999999.000000 0
19705 182 354 0.000000 999999.000000 0
19706 354 185 0.000000 999999.000000 0
19707 185 354 0.000000 999999.000000 0
19708 354 188 0.000000 999999.000000 0
19709 188 354 0.000000 999999.000000 0
19710 354 297 0.000000 999999.000000 0
19711 297 354 0.000000 999999.000000 0
19712 336 192 0.000000 999999.000000 0
19713 192 336 0.000000 999999.000000 0
19714 336 194 0.000000 999999.000000 0
19715 194 336 0.000000 999999.000000 0
19716 337 128 0.000000 999999.000000 0
19717 128 337 0.000000 999999.000000 0
19718 355 287 0.000000 999999.000000 0
19719 287 355 0.000000 999999.000000 0
19720 355 322 0.000000 999999.000000 0
19721 322 355 0.000000 999999.000000 0
19722 356 325 0.000000 999999.000000 0
19723 325 356 0.000000 999999.000000 0
19724 356 328 0.000000 999999.000000 0
19725 328 356 0.000000 999999.000000 0
19726 356 329 0.000000 999999.000000 0
19727 329 356 0.000000 999999.000000 0
19728 356 330 0.000000 999999.000000 0
19729 330 356 0.000000 999999.000000 0
19730 349 291 0.000000 999999.000000 0
19731 291 349 0.000000 999999.000000 0
19732 349 296 0.000000 999999.000000 0
19733 296 349 0.000000 999999.000000 0
19734 350 128 0.000000 999999.000000 0
19735 128 350 0.000000 999999.000000 0
19736 350 255 0.000000 999999.000000 0
19737 255 350 0.000000 999999.000000 0
19738 350 258 0.000000 999999.000000 0
19739 258 350 0.000000 999999.000000 0
19740 340 41 0.000000 999999.000000 0
19741 41 340 0.000000 999999.000000 0
19742 342 72 0.000000 999999.000000 0
19743 72 342 0.000000 999999.000000 0
19744 342 90 0.000000 999999.000000 0
19745 90 342 0.000000 999999.000000 0
19746 342 94 0.000000 999999.000000 0
19747 94 342 0.000000 999999.000000 0
19748 346 11 0.000000 999999.000000 0
19749 11 346 0.000000 999999.000000 0
19750 335 242 0.000000 999999.000000 0
19751 242 335 0.000000 999999.000000 0
19752 335 321 0.000000 999999.000000 0
19753 321 335 0.000000 999999.000000 0
19754 347 179 0.000000 999999.000000 0
19755 179 347 0.000000 999999.000000 0
19756 355 288 0.000000 999999.000000 0
19757 288 355 0.000000 999999.000000 0
19758 357 139 0.000000 999999.000000 0
19759 139 357 0.000000 999999.000000 0
19760 357 324 0.000000 999999.000000 0
19761 324 357 0.000000 999999.000000 0
19762 357 325 0.000000 999999.000000 0
19763 325 357 0.000000 999999.000000 0
19764 357 326 0.000000 999999.000000 0
19765 326 357 0.000000 999999.000000 0
19766 358 211 0.000000 999999.000000 0
19767 211 358 0.000000 999999.000000 0
19768 358 212 0.000000 999999.000000 0
19769 212 358 0.000000 999999.000000 0
19770 358 215 0.000000 999999.000000 0
19771 215 358 0.000000 999999.000000 0
19772 358 216 0.000000 999999.000000 0
19773 216 358 0.000000 999999.000000 0
19774 359 179 0.000000 999999.000000 0
19775 179 359 0.000000 999999.000000 0
19776 359 187 0.000000 999999.000000 0
19777 187 359 0.000000 999999.000000 0
19778 359 191 0.000000 999999.000000 0
19779 191 359 0.000000 999999.000000 0
19780 360 31 0.000000 999999.000000 0
19781 31 360 0.000000 999999.000000 0
19782 360 32 0.000000 999999.000000 0
19783 32 360 0.000000 999999.000000 0
19784 360 33 0.000000 999999.000000 0
19785 33 360 0.000000 999999.000000 0
19786 360 34 0.000000 999999.000000 0
19787 34 360 0.000000 999999.000000 0
19788 355 178 0.000000 999999.000000 0
19789 178 355 0.000000 999999.000000 0
11252 204 203 196.000000 2800.000000 1 6.333333 6.333334 2801.000000 
11253 210 204 120.000000 2800.000000 1 3.000000 3.000000 2801.000000 
11254 203 0 32.000000 2800.000000 1 0.666667 0.666667 2801.000000 
11682 306 157 83.000000 900.000000 1 2.333333 2.333334 901.000000 
11686 157 148 64.000000 900.000000 1 2.333333 2.333334 901.000000 
13232 88 48 18.000000 2400.000000 1 0.333333 0.333334 2401.000000 
13233 48 88 18.000000 2400.000000 1 0.333333 0.333334 2401.000000 
13234 49 314 522.000000 2800.000000 1 15.666667 15.666666 2801.000000 
13235 311 309 10.000000 2800.000000 1 0.333333 0.333334 2801.000000 
13236 309 311 10.000000 2800.000000 1 0.333333 0.333334 2801.000000 
13237 48 49 169.000000 2400.000000 1 4.333333 4.333334 2401.000000 
13238 49 48 169.000000 2400.000000 1 7.666667 7.666666 2401.000000 
13239 316 309 271.000000 2800.000000 1 6.000000 6.000000 2801.000000 
13240 312 316 7.000000 2800.000000 1 0.333333 0.333334 2801.000000 
13241 316 312 7.000000 2800.000000 1 0.333333 0.333334 2801.000000 
13242 313 315 10.000000 2800.000000 1 0.333333 0.333334 2801.000000 
13243 315 313 10.000000 2800.000000 1 0.333333 0.333334 2801.000000 
13244 315 304 79.000000 2800.000000 1 5.666667 5.666666 2801.000000 
13245 313 316 292.000000 2800.000000 1 7.000000 7.000000 2801.000000 
13246 59 9 111.000000 2800.000000 1 6.333333 6.333334 2801.000000 
13247 9 59 111.000000 2800.000000 1 3.666667 3.666666 2801.000000 
13248 312 315 291.000000 2800.000000 1 11.333333 11.333334 2801.000000 
13249 307 310 12.000000 2800.000000 1 0.333333 0.333334 2801.000000 
13250 310 307 12.000000 2800.000000 1 0.333333 0.333334 2801.000000 
13251 310 19 256.000000 6000.000000 1 20.000000 20.000000 6001.000000 
13252 307 311 358.000000 2800.000000 1 7.666667 7.666666 2801.000000 
13253 213 270 16.000000 2400.000000 1 1.666667 1.666667 2401.000000 
13254 304 49 522.000000 2800.000000 1 18.666667 18.666667 2801.000000 
13255 140 247 365.000000 2400.000000 1 10.666667 10.666666 2401.000000 
13256 314 305 18.000000 2800.000000 1 1.000000 1.000000 2801.000000 
13257 306 265 15.000000 2400.000000 1 1.333333 1.333333 2401.000000 
13261 304 314 14.000000 2800.000000 1 0.333333 0.333334 2801.000000 
13262 303 313 83.000000 2800.000000 1 2.000000 2.000000 2801.000000 
13263 311 312 273.000000 2800.000000 1 6.000000 6.000000 2801.000000 
13264 15 17 315.000000 2800.000000 1 22.000000 22.000000 2801.000000 
13265 265 213 12.000000 2400.000000 1 0.333333 0.333334 2401.000000 
13266 309 310 358.000000 2800.000000 1 8.000000 8.000000 2801.000000 
13267 66 303 217.000000 2800.000000 1 11.333333 11.333334 2801.000000 
13268 308 66 54.000000 2800.000000 1 2.666667 2.666666 2801.000000 
13271 305 303 15.000000 2800.000000 1 0.666667 0.666667 2801.000000 
13272 22 307 255.000000 2800.000000 1 6.000000 6.000000 2801.000000 
13273 270 306 12.000000 2400.000000 1 1.000000 1.000000 2401.000000 
13275 305 308 155.000000 2800.000000 1 6.666667 6.666666 2801.000000 
13276 303 304 15.000000 2800.000000 1 0.666667 0.666667 2801.000000 
15114 298 181 160.000000 2400.000000 1 11.666667 11.666666 2401.000000 
15117 297 299 384.000000 900.000000 1 11.666667 11.666666 901.000000 
15118 299 298 652.000000 900.000000 1 23.333333 23.333333 901.000000 
15119 301 300 359.000000 600.000000 1 9.000000 9.000000 601.000000 
15126 299 185 46.000000 600.000000 1 1.333333 1.333333 601.000000 
15127 298 177 341.000000 2400.000000 1 15.666667 15.666666 2401.000000 
15128 192 298 153.000000 2400.000000 1 6.000000 6.000000 2401.000000 
15130 299 300 156.000000 900.000000 1 5.666667 5.666666 901.000000 
15131 300 299 156.000000 900.000000 1 7.666667 7.666666 901.000000 
15132 298 297 268.000000 900.000000 1 7.000000 7.000000 901.000000 
15159 251 317 147.000000 2400.000000 1 4.000000 4.000000 2401.000000 
15161 291 252 125.000000 2400.000000 1 5.000000 5.000000 2401.000000 
15162 252 291 125.000000 2400.000000 1 3.333333 3.333334 2401.000000 
15164 317 244 146.000000 2400.000000 1 10.666667 10.666666 2401.000000 
15168 318 317 195.000000 2400.000000 1 5.666667 5.666666 2401.000000 
15169 317 320 333.000000 2400.000000 1 9.666667 9.666666 2401.000000 
15265 180 296 147.000000 2400.000000 1 4.666667 4.666666 2401.000000 
15267 293 175 480.000000 2400.000000 1 22.000000 22.000000 2401.000000 
15268 295 319 48.000000 2400.000000 1 1.666667 1.666667 2401.000000 
15269 176 295 300.000000 2400.000000 1 10.666667 10.666666 2401.000000 
15270 296 292 338.000000 2400.000000 1 11.333333 11.333334 2401.000000 
15271 319 128 206.000000 2400.000000 1 6.000000 6.000000 2401.000000 
15272 294 318 190.000000 2400.000000 1 5.333333 5.333334 2401.000000 
15275 320 294 52.000000 2400.000000 1 1.333333 1.333333 2401.000000 
15276 134 184 314.000000 2400.000000 1 9.666667 9.666666 2401.000000 
15277 29 237 416.000000 600.000000 1 13.333333 13.333334 601.000000 
15278 255 262 389.000000 2400.000000 1 9.666667 9.666666 2401.000000 
15279 291 293 157.000000 2400.000000 1 4.000000 4.000000 2401.000000 
15284 292 291 154.000000 2400.000000 1 3.333333 3.333334 2401.000000 
15377 302 285 712.000000 2400.000000 1 20.000000 20.000000 2401.000000 
15378 321 242 399.000000 900.000000 1 10.333333 10.333334 901.000000 
15379 323 322 466.000000 900.000000 1 11.666667 11.666666 901.000000 
15380 199 287 433.000000 900.000000 1 13.000000 13.000000 901.000000 
15381 288 199 228.000000 900.000000 1 14.333333 14.333334 901.000000 
15382 287 321 464.000000 900.000000 1 12.666667 12.666666 901.000000 
15383 322 288 281.000000 900.000000 1 7.333333 7.333334 901.000000 
15384 170 329 309.000000 900.000000 1 9.000000 9.000000 901.000000 
15385 328 329 15.000000 900.000000 1 0.333333 0.333334 901.000000 
15386 329 328 15.000000 900.000000 1 1.666667 1.666667 901.000000 
15387 284 273 93.000000 2400.000000 1 2.333333 2.333334 2401.000000 
15388 273 271 83.000000 2400.000000 1 8.666667 8.666666 2401.000000 
15389 286 280 44.000000 2400.000000 1 2.333333 2.333334 2401.000000 
15390 328 283 171.000000 900.000000 1 7.666667 7.666666 901.000000 
15391 277 275 16.000000 2400.000000 1 0.333333 0.333334 2401.000000 
15392 275 277 16.000000 2400.000000 1 0.333333 0.333334 2401.000000 
15393 286 272 14.000000 2400.000000 1 0.333333 0.333334 2401.000000 
15394 272 286 14.000000 2400.000000 1 0.333333 0.333334 2401.000000 
15395 285 276 19.000000 2400.000000 1 0.333333 0.333334 2401.000000 
15396 276 285 19.000000 2400.000000 1 0.333333 0.333334 2401.000000 
15397 285 286 248.000000 2400.000000 1 8.333333 8.333334 2401.000000 
15398 278 274 170.000000 2400.000000 1 4.666667 4.666666 2401.000000 
15399 271 280 23.000000 2400.000000 1 1.000000 1.000000 2401.000000 
15400 332 324 18.000000 900.000000 1 0.333333 0.333334 901.000000 
15401 324 332 18.000000 900.000000 1 0.333333 0.333334 901.000000 
15402 280 284 15.000000 2400.000000 1 0.333333 0.333334 2401.000000 
15403 332 327 81.000000 900.000000 1 6.333333 6.333334 901.000000 
15404 276 282 48.000000 2400.000000 1 2.000000 2.000000 2401.000000 
15405 275 284 249.000000 2400.000000 1 10.666667 10.666666 2401.000000 
15406 326 327 23.000000 900.000000 1 0.666667 0.666667 901.000000 
15407 327 326 23.000000 900.000000 1 1.000000 1.000000 901.000000 
15408 274 278 170.000000 2400.000000 1 7.000000 7.000000 2401.000000 
15409 281 277 174.000000 2400.000000 1 7.666667 7.666666 2401.000000 
15410 284 271 17.000000 2400.000000 1 0.333333 0.333334 2401.000000 
15411 169 44 450.000000 2400.000000 1 16.000000 16.000000 2401.000000 
15412 44 169 450.000000 2400.000000 1 20.333333 20.333333 2401.000000 
15413 278 232 289.000000 2400.000000 1 14.666667 14.666666 2401.000000 
15414 279 278 189.000000 2400.000000 1 7.333333 7.333334 2401.000000 
15415 283 171 135.000000 900.000000 1 11.666667 11.666666 901.000000 
15416 329 332 428.000000 900.000000 1 13.000000 13.000000 901.000000 
15417 330 328 137.000000 900.000000 1 3.666667 3.666666 901.000000 
15418 324 330 290.000000 900.000000 1 9.000000 9.000000 901.000000 
15419 282 143 706.000000 2400.000000 1 21.000000 21.000000 2401.000000 
15420 280 281 75.000000 2400.000000 1 2.666667 2.666666 2401.000000 
15421 277 172 17.000000 2400.000000 1 3.666667 3.666666 2401.000000 
15422 171 275 18.000000 2400.000000 1 1.333333 1.333333 2401.000000 
15423 272 276 247.000000 2400.000000 1 8.000000 8.000000 2401.000000 
15424 325 326 181.000000 900.000000 1 5.666667 5.666666 901.000000 
15425 326 331 294.000000 900.000000 1 9.666667 9.666666 901.000000 
15426 241 325 338.000000 900.000000 1 10.000000 10.000000 901.000000 
15427 331 233 300.000000 900.000000 1 12.666667 12.666666 901.000000 
15428 327 230 272.000000 900.000000 1 7.333333 7.333334 901.000000 
15429 326 324 73.000000 900.000000 1 2.000000 2.000000 901.000000 
15430 273 274 73.000000 2400.000000 1 2.000000 2.000000 2401.000000 
15431 274 273 73.000000 2400.000000 1 2.000000 2.000000 2401.000000 
15432 271 272 25.000000 2400.000000 1 1.333333 1.333333 2401.000000 
15497 269 270 23.000000 2400.000000 1 2.000000 2.000000 2401.000000 
15508 269 268 16.000000 2400.000000 1 0.666667 0.666667 2401.000000 
15510 213 268 20.000000 2400.000000 1 1.333333 1.333333 2401.000000 
15549 266 214 182.000000 2400.000000 1 5.666667 5.666666 2401.000000 
15550 264 267 55.000000 2400.000000 1 2.333333 2.333334 2401.000000 
15551 265 216 89.000000 2400.000000 1 3.000000 3.000000 2401.000000 
15552 267 102 311.000000 2400.000000 1 15.666667 15.666666 2401.000000 
15553 217 264 140.000000 2400.000000 1 3.666667 3.666666 2401.000000 
15554 156 265 87.000000 900.000000 1 8.333333 8.333334 901.000000 
15555 145 156 23.000000 900.000000 1 0.666667 0.666667 901.000000 
15556 215 219 187.000000 2400.000000 1 6.333333 6.333334 2401.000000 
15557 216 215 56.000000 2400.000000 1 1.666667 1.666667 2401.000000 
15558 219 217 46.000000 2400.000000 1 2.333333 2.333334 2401.000000 
15559 100 266 326.000000 2400.000000 1 10.000000 10.000000 2401.000000 
15560 256 258 143.000000 2400.000000 1 4.666667 4.666666 2401.000000 
15561 250 169 238.000000 2400.000000 1 10.333333 10.333334 2401.000000 
15562 258 250 293.000000 2400.000000 1 7.000000 7.000000 2401.000000 
15563 262 257 138.000000 2400.000000 1 4.000000 4.000000 2401.000000 
15564 259 263 266.000000 600.000000 1 8.333333 8.333334 601.000000 
15565 263 260 128.000000 600.000000 1 3.666667 3.666666 601.000000 
15566 260 263 128.000000 600.000000 1 3.666667 3.666666 601.000000 
15567 263 261 338.000000 600.000000 1 11.666667 11.666666 601.000000 
15568 44 261 282.000000 600.000000 1 8.000000 8.000000 601.000000 
15569 261 44 282.000000 600.000000 1 16.333333 16.333333 601.000000 
15571 261 259 97.000000 600.000000 1 3.000000 3.000000 601.000000 
15572 260 245 189.000000 600.000000 1 19.666667 19.666667 601.000000 
15573 245 260 189.000000 600.000000 1 7.333333 7.333334 601.000000 
15575 257 254 76.000000 2400.000000 1 5.666667 5.666666 2401.000000 
15576 245 253 177.000000 2400.000000 1 12.333333 12.333334 2401.000000 
15580 253 254 11.000000 2400.000000 1 0.333333 0.333334 2401.000000 
15581 173 255 145.000000 2400.000000 1 4.000000 4.000000 2401.000000 
15585 253 256 79.000000 2400.000000 1 2.000000 2.000000 2401.000000 
15586 257 256 13.000000 2400.000000 1 0.333333 0.333334 2401.000000 
15587 254 252 51.000000 2400.000000 1 1.333333 1.333333 2401.000000 
15589 254 251 14.000000 2400.000000 1 0.333333 0.333334 2401.000000 
15591 244 253 13.000000 2400.000000 1 0.666667 0.666667 2401.000000 
15592 252 251 49.000000 2400.000000 1 3.666667 3.666666 2401.000000 
15593 251 244 18.000000 2400.000000 1 0.666667 0.666667 2401.000000 
15680 130 248 20.000000 2400.000000 1 0.333333 0.333334 2401.000000 
15681 248 130 20.000000 2400.000000 1 3.666667 3.666666 2401.000000 
15682 248 249 27.000000 2400.000000 1 0.666667 0.666667 2401.000000 
15686 249 140 384.000000 2400.000000 1 35.666667 35.666666 2401.000000 
15687 247 249 19.000000 2400.000000 1 0.666667 0.666667 2401.000000 
15688 119 249 71.000000 2400.000000 1 2.666667 2.666666 2401.000000 
15689 249 119 71.000000 2400.000000 1 5.333333 5.333334 2401.000000 
15709 236 245 325.000000 2400.000000 1 13.333333 13.333334 2401.000000 
15710 26 236 252.000000 2400.000000 1 6.000000 6.000000 2401.000000 
15711 243 246 52.000000 2400.000000 1 1.333333 1.333333 2401.000000 
15712 246 235 273.000000 2400.000000 1 6.666667 6.666666 2401.000000 
15713 245 243 13.000000 600.000000 1 0.333333 0.333334 601.000000 
15714 243 245 13.000000 600.000000 1 0.666667 0.666667 601.000000 
15715 244 243 172.000000 2400.000000 1 5.000000 5.000000 2401.000000 
15716 243 29 554.000000 600.000000 1 26.666667 26.666667 601.000000 
15717 237 243 138.000000 600.000000 1 13.333333 13.333334 601.000000 
15718 240 224 384.000000 2400.000000 1 21.666667 21.666667 2401.000000 
15719 238 240 222.000000 2400.000000 1 6.666667 6.666666 2401.000000 
15720 242 239 176.000000 900.000000 1 5.000000 5.000000 901.000000 
15721 239 323 497.000000 900.000000 1 13.333333 13.333334 901.000000 
15722 239 225 453.000000 900.000000 1 27.000000 27.000000 901.000000 
15723 225 239 453.000000 900.000000 1 12.333333 12.333334 901.000000 
15724 138 140 1330.000000 600.000000 1 53.000000 53.000000 601.000000 
15725 224 238 162.000000 2400.000000 1 5.666667 5.666666 2401.000000 
15726 240 229 129.000000 2400.000000 1 7.333333 7.333334 2401.000000 
15727 228 240 132.000000 2400.000000 1 4.333333 4.333334 2401.000000 
15728 131 120 272.000000 2400.000000 1 8.000000 8.000000 2401.000000 
15729 235 27 256.000000 2800.000000 1 11.000000 11.000000 2801.000000 
15730 235 236 20.000000 2400.000000 1 0.333333 0.333334 2401.000000 
15731 236 235 20.000000 2400.000000 1 0.333333 0.333334 2401.000000 
15892 231 327 335.000000 900.000000 1 10.333333 10.333334 901.000000 
15904 230 231 73.000000 900.000000 1 2.000000 2.000000 901.000000 
15907 229 234 17.000000 2400.000000 1 0.666667 0.666667 2401.000000 
15908 230 112 73.000000 900.000000 1 3.333333 3.333334 901.000000 
15913 234 279 104.000000 2400.000000 1 3.000000 3.000000 2401.000000 
15914 232 241 180.000000 900.000000 1 7.000000 7.000000 901.000000 
15918 234 232 14.000000 900.000000 1 2.000000 2.000000 901.000000 
15923 233 228 108.000000 900.000000 1 10.666667 10.666666 901.000000 
15925 232 228 19.000000 2400.000000 1 0.666667 0.666667 2401.000000 
15929 116 231 18.000000 900.000000 1 1.666667 1.666667 901.000000 
15934 228 229 16.000000 900.000000 1 0.333333 0.333334 901.000000 
15938 225 227 43.000000 900.000000 1 1.000000 1.000000 901.000000 
15939 138 225 80.000000 900.000000 1 2.666667 2.666666 901.000000 
15944 225 224 44.000000 900.000000 1 5.000000 5.000000 901.000000 
15945 226 225 18.000000 900.000000 1 0.333333 0.333334 901.000000 
15952 143 302 63.000000 2400.000000 1 1.666667 1.666667 2401.000000 
15954 224 138 81.000000 2400.000000 1 5.333333 5.333334 2401.000000 
15955 138 224 81.000000 2400.000000 1 2.333333 2.333334 2401.000000 
16002 90 72 27.000000 2800.000000 1 1.666667 1.666667 2801.000000 
16003 221 81 186.000000 600.000000 1 11.333333 11.333334 601.000000 
16004 18 40 1036.000000 2800.000000 1 27.666667 27.666667 2801.000000 
16005 223 72 242.000000 900.000000 1 6.000000 6.000000 901.000000 
16006 72 220 417.000000 900.000000 1 15.000000 15.000000 901.000000 
16007 38 10 73.000000 2800.000000 1 2.333333 2.333334 2801.000000 
16008 38 221 286.000000 900.000000 1 13.333333 13.333334 901.000000 
16009 221 38 286.000000 900.000000 1 17.000000 17.000000 901.000000 
16010 222 36 194.000000 900.000000 1 18.666667 18.666667 901.000000 
16011 36 67 542.000000 900.000000 1 34.666667 34.666666 901.000000 
16012 221 223 311.000000 900.000000 1 12.000000 12.000000 901.000000 
16013 220 221 136.000000 6000.000000 1 6.000000 6.000000 6001.000000 
16014 214 218 46.000000 2400.000000 1 2.333333 2.333334 2401.000000 
16015 219 218 19.000000 2400.000000 1 0.333333 0.333334 2401.000000 
16016 218 219 19.000000 2400.000000 1 0.333333 0.333334 2401.000000 
16019 212 213 103.000000 2400.000000 1 8.666667 8.666666 2401.000000 
16021 218 211 188.000000 2400.000000 1 5.666667 5.666666 2401.000000 
16028 217 214 19.000000 2400.000000 1 0.333333 0.333334 2401.000000 
16029 214 217 19.000000 2400.000000 1 0.333333 0.333334 2401.000000 
16030 212 216 16.000000 2400.000000 1 0.333333 0.333334 2401.000000 
16031 216 212 16.000000 2400.000000 1 0.333333 0.333334 2401.000000 
16032 215 211 17.000000 2400.000000 1 0.666667 0.666667 2401.000000 
16033 211 215 17.000000 2400.000000 1 0.333333 0.333334 2401.000000 
16034 211 212 56.000000 2400.000000 1 2.000000 2.000000 2401.000000 
16035 208 209 205.000000 600.000000 1 5.000000 5.000000 601.000000 
16036 209 207 215.000000 600.000000 1 5.333333 5.333334 601.000000 
16037 207 208 10.000000 600.000000 1 0.333333 0.333334 601.000000 
16038 120 73 978.000000 600.000000 1 27.333333 27.333333 601.000000 
16039 74 120 841.000000 600.000000 1 27.666667 27.666667 601.000000 
16040 206 61 152.000000 600.000000 1 5.000000 5.000000 601.000000 
16041 61 59 184.000000 600.000000 1 6.000000 6.000000 601.000000 
16042 59 206 32.000000 600.000000 1 0.666667 0.666667 601.000000 
16043 120 133 408.000000 2400.000000 1 12.666667 12.666666 2401.000000 
16044 46 51 43.000000 2800.000000 1 1.333333 1.333333 2801.000000 
16045 205 207 113.000000 600.000000 1 4.666667 4.666666 601.000000 
16049 46 205 234.000000 600.000000 1 9.000000 9.000000 601.000000 
16050 203 161 40.000000 2800.000000 1 4.000000 4.000000 2801.000000 
16080 201 174 19.000000 900.000000 1 0.666667 0.666667 901.000000 
16081 174 201 19.000000 900.000000 1 0.333333 0.333334 901.000000 
16082 201 200 71.000000 900.000000 1 2.000000 2.000000 901.000000 
16084 199 179 257.000000 900.000000 1 9.000000 9.000000 901.000000 
16086 132 173 201.000000 2400.000000 1 12.666667 12.666666 2401.000000 
16087 202 134 444.000000 2400.000000 1 16.000000 16.000000 2401.000000 
16088 173 202 13.000000 2400.000000 1 0.666667 0.666667 2401.000000 
16096 178 199 203.000000 2400.000000 1 7.666667 7.666666 2401.000000 
16097 199 178 203.000000 2400.000000 1 8.000000 8.000000 2401.000000 
16098 200 198 440.000000 900.000000 1 15.666667 15.666666 901.000000 
16639 196 197 50.000000 900.000000 1 1.666667 1.666667 901.000000 
16640 197 198 18.000000 900.000000 1 0.333333 0.333334 901.000000 
16641 198 197 18.000000 900.000000 1 0.333333 0.333334 901.000000 
16642 196 183 363.000000 600.000000 1 15.000000 15.000000 601.000000 
16643 177 196 130.000000 900.000000 1 7.666667 7.666666 901.000000 
16645 196 194 18.000000 600.000000 1 0.333333 0.333334 601.000000 
16646 198 194 47.000000 900.000000 1 5.000000 5.000000 901.000000 
16647 197 168 286.000000 900.000000 1 9.333333 9.333334 901.000000 
16648 190 193 185.000000 900.000000 1 7.000000 7.000000 901.000000 
16649 195 177 125.000000 900.000000 1 10.000000 10.000000 901.000000 
16650 191 187 32.000000 600.000000 1 0.666667 0.666667 601.000000 
16651 177 192 188.000000 2400.000000 1 7.000000 7.000000 2401.000000 
16653 195 196 18.000000 600.000000 1 1.333333 1.333333 601.000000 
16654 188 299 291.000000 600.000000 1 14.333333 14.333334 601.000000 
16655 185 188 245.000000 600.000000 1 8.666667 8.666666 601.000000 
16656 194 195 8.000000 900.000000 1 0.666667 0.666667 901.000000 
16657 186 188 440.000000 900.000000 1 12.000000 12.000000 901.000000 
16658 193 186 89.000000 900.000000 1 2.333333 2.333334 901.000000 
16659 191 189 164.000000 900.000000 1 5.333333 5.333334 901.000000 
16660 188 177 632.000000 900.000000 1 22.000000 22.000000 901.000000 
16661 182 188 368.000000 900.000000 1 12.000000 12.000000 901.000000 
16662 191 199 663.000000 900.000000 1 28.000000 28.000000 901.000000 
16663 179 191 406.000000 900.000000 1 11.000000 11.000000 901.000000 
16664 188 190 166.000000 900.000000 1 5.000000 5.000000 901.000000 
16665 186 191 329.000000 900.000000 1 9.000000 9.000000 901.000000 
16666 189 186 165.000000 900.000000 1 5.000000 5.000000 901.000000 
16667 187 188 291.000000 600.000000 1 11.000000 11.000000 601.000000 
16668 188 191 323.000000 600.000000 1 13.000000 13.000000 601.000000 
16669 183 298 166.000000 2400.000000 1 7.666667 7.666666 2401.000000 
16670 184 183 148.000000 2800.000000 1 13.666667 13.666666 2801.000000 
16671 176 183 17.000000 2800.000000 1 0.666667 0.666667 2801.000000 
16672 183 196 363.000000 600.000000 1 19.333333 19.333333 601.000000 
16673 183 181 15.000000 2400.000000 1 1.000000 1.000000 2401.000000 
16676 177 182 264.000000 900.000000 1 7.333333 7.333334 901.000000 
16680 181 176 20.000000 2800.000000 1 0.666667 0.666667 2801.000000 
16682 181 180 104.000000 2800.000000 1 7.000000 7.000000 2801.000000 
16686 180 175 23.000000 2400.000000 1 1.000000 1.000000 2401.000000 
16687 175 180 23.000000 2400.000000 1 0.666667 0.666667 2401.000000 
16693 177 178 418.000000 2400.000000 1 16.000000 16.000000 2401.000000 
16694 178 177 418.000000 2400.000000 1 14.666667 14.666666 2401.000000 
16695 175 176 83.000000 2800.000000 1 9.333333 9.333334 2801.000000 
16742 173 169 20.000000 2400.000000 1 1.666667 1.666667 2401.000000 
16743 169 173 20.000000 2400.000000 1 3.000000 3.000000 2401.000000 
16744 168 174 225.000000 900.000000 1 8.333333 8.333334 901.000000 
16745 170 171 18.000000 2400.000000 1 0.333333 0.333334 2401.000000 
16746 172 201 295.000000 900.000000 1 11.000000 11.000000 901.000000 
16747 172 167 17.000000 2400.000000 1 2.000000 2.000000 2401.000000 
16748 167 170 18.000000 900.000000 1 2.000000 2.000000 901.000000 
16749 174 166 179.000000 900.000000 1 6.000000 6.000000 901.000000 
16750 167 173 97.000000 2400.000000 1 5.000000 5.000000 2401.000000 
16751 171 172 16.000000 900.000000 1 1.000000 1.000000 901.000000 
16752 169 170 98.000000 2400.000000 1 4.666667 4.666666 2401.000000 
16753 166 167 115.000000 900.000000 1 9.666667 9.666666 901.000000 
17595 164 52 16.000000 2800.000000 1 1.000000 1.000000 2801.000000 
17596 165 164 111.000000 2800.000000 1 4.333333 4.333334 2801.000000 
17598 83 160 134.000000 600.000000 1 9.333333 9.333334 601.000000 
17601 52 53 23.000000 600.000000 1 3.000000 3.000000 601.000000 
17605 161 165 93.000000 2800.000000 1 2.666667 2.666666 2801.000000 
17606 160 164 23.000000 600.000000 1 0.666667 0.666667 601.000000 
17607 163 37 498.000000 900.000000 1 12.333333 12.333334 901.000000 
17609 53 160 17.000000 2800.000000 1 0.666667 0.666667 2801.000000 
17612 3 162 48.000000 2800.000000 1 11.333333 11.333334 2801.000000 
17616 162 163 385.000000 2800.000000 1 10.000000 10.000000 2801.000000 
17617 6 162 28.000000 2800.000000 1 2.000000 2.000000 2801.000000 
17618 0 161 24.000000 2800.000000 1 1.000000 1.000000 2801.000000 
17619 160 159 120.000000 2800.000000 1 3.333333 3.333334 2801.000000 
17620 159 1 121.000000 2800.000000 1 10.000000 10.000000 2801.000000 
17669 158 149 69.000000 900.000000 1 5.333333 5.333334 901.000000 
17670 154 158 93.000000 900.000000 1 2.666667 2.666666 901.000000 
17671 150 152 68.000000 900.000000 1 2.000000 2.000000 901.000000 
17672 155 145 39.000000 900.000000 1 1.666667 1.666667 901.000000 
17673 154 153 19.000000 900.000000 1 0.333333 0.333334 901.000000 
17674 153 154 19.000000 900.000000 1 0.333333 0.333334 901.000000 
17675 148 155 19.000000 900.000000 1 1.333333 1.333333 901.000000 
17676 155 148 19.000000 900.000000 1 0.333333 0.333334 901.000000 
17677 153 151 48.000000 900.000000 1 2.666667 2.666666 901.000000 
17678 156 157 16.000000 900.000000 1 0.333333 0.333334 901.000000 
17679 149 99 53.000000 900.000000 1 7.000000 7.000000 901.000000 
17680 141 31 75.000000 2400.000000 1 13.000000 13.000000 2401.000000 
17681 151 155 195.000000 900.000000 1 6.666667 6.666666 901.000000 
17682 148 146 76.000000 900.000000 1 2.333333 2.333334 901.000000 
17683 147 154 49.000000 900.000000 1 2.000000 2.000000 901.000000 
17684 152 153 94.000000 900.000000 1 2.666667 2.666666 901.000000 
17685 98 150 60.000000 900.000000 1 1.666667 1.666667 901.000000 
17686 149 150 21.000000 900.000000 1 0.666667 0.666667 901.000000 
17687 150 149 21.000000 900.000000 1 0.666667 0.666667 901.000000 
17688 141 39 82.000000 2400.000000 1 4.666667 4.666666 2401.000000 
17690 146 147 116.000000 900.000000 1 5.666667 5.666666 901.000000 
17691 35 144 43.000000 2400.000000 1 1.666667 1.666667 2401.000000 
17692 144 137 232.000000 2400.000000 1 16.333333 16.333333 2401.000000 
17703 142 137 558.000000 600.000000 1 35.333333 35.333334 601.000000 
17704 137 143 1131.000000 600.000000 1 40.333333 40.333334 601.000000 
17708 143 142 573.000000 600.000000 1 14.333333 14.333334 601.000000 
17759 137 141 200.000000 2400.000000 1 5.000000 5.000000 2401.000000 
17764 140 139 329.000000 600.000000 1 11.333333 11.333334 601.000000 
17777 139 138 1001.000000 600.000000 1 44.333333 44.333334 601.000000 
17778 137 138 238.000000 2400.000000 1 12.000000 12.000000 2401.000000 
17779 138 137 238.000000 2400.000000 1 18.000000 18.000000 2401.000000 
18069 127 12 24.000000 2800.000000 1 0.666667 0.666667 2801.000000 
18070 136 127 15.000000 2400.000000 1 0.333333 0.333334 2401.000000 
18071 127 136 15.000000 2400.000000 1 0.333333 0.333334 2401.000000 
18072 135 126 19.000000 2400.000000 1 0.333333 0.333334 2401.000000 
18073 126 135 19.000000 2400.000000 1 0.333333 0.333334 2401.000000 
18074 122 131 397.000000 2400.000000 1 11.666667 11.666666 2401.000000 
18075 133 122 261.000000 2400.000000 1 8.666667 8.666666 2401.000000 
18076 130 119 75.000000 2400.000000 1 8.000000 8.000000 2401.000000 
18077 136 135 126.000000 2400.000000 1 3.333333 3.333334 2401.000000 
18078 8 136 28.000000 2400.000000 1 2.000000 2.000000 2401.000000 
18079 135 129 186.000000 2400.000000 1 6.000000 6.000000 2401.000000 
18081 128 132 153.000000 2400.000000 1 5.333333 5.333334 2401.000000 
18083 118 126 427.000000 2400.000000 1 12.666667 12.666666 2401.000000 
18084 129 130 162.000000 2400.000000 1 5.000000 5.000000 2401.000000 
18088 126 127 127.000000 2400.000000 1 5.000000 5.000000 2401.000000 
18093 117 124 21.000000 2400.000000 1 0.333333 0.333334 2401.000000 
18094 124 117 21.000000 2400.000000 1 0.333333 0.333334 2401.000000 
18096 123 121 22.000000 2400.000000 1 0.333333 0.333334 2401.000000 
18097 121 123 22.000000 2400.000000 1 0.333333 0.333334 2401.000000 
18098 124 113 40.000000 2400.000000 1 4.666667 4.666666 2401.000000 
18099 117 43 363.000000 2400.000000 1 14.666667 14.666666 2401.000000 
18102 121 125 200.000000 2400.000000 1 11.666667 11.666666 2401.000000 
18103 123 120 78.000000 2400.000000 1 3.666667 3.666666 2401.000000 
18104 114 125 22.000000 2400.000000 1 0.333333 0.333334 2401.000000 
18105 125 114 22.000000 2400.000000 1 0.333333 0.333334 2401.000000 
18106 125 25 75.000000 2800.000000 1 4.666667 4.666666 2801.000000 
18108 119 116 167.000000 2400.000000 1 8.333333 8.333334 2401.000000 
18109 113 122 40.000000 2400.000000 1 1.333333 1.333333 2401.000000 
18110 41 124 159.000000 2400.000000 1 5.333333 5.333334 2401.000000 
18112 116 112 20.000000 2400.000000 1 1.333333 1.333333 2401.000000 
18113 114 123 199.000000 2400.000000 1 5.000000 5.000000 2401.000000 
18114 122 115 43.000000 2400.000000 1 4.333333 4.333334 2401.000000 
18116 120 121 71.000000 2400.000000 1 2.000000 2.000000 2401.000000 
18117 113 115 15.000000 2400.000000 1 1.000000 1.000000 2401.000000 
18121 115 118 166.000000 2800.000000 1 6.333333 6.333334 2801.000000 
18122 118 119 24.000000 2400.000000 1 2.000000 2.000000 2401.000000 
18123 119 118 24.000000 2400.000000 1 0.666667 0.666667 2401.000000 
18124 112 117 39.000000 2400.000000 1 1.333333 1.333333 2401.000000 
18125 115 116 22.000000 2400.000000 1 0.333333 0.333334 2401.000000 
18127 20 114 74.000000 2400.000000 1 2.000000 2.000000 2401.000000 
18129 112 113 22.000000 2400.000000 1 2.333333 2.333334 2401.000000 
18141 104 21 461.000000 2400.000000 1 21.000000 21.000000 2401.000000 
18153 110 79 48.000000 2800.000000 1 1.666667 1.666667 2801.000000 
18154 333 92 41.000000 2800.000000 1 5.333333 5.333334 2801.000000 
18155 109 97 46.000000 2400.000000 1 1.666667 1.666667 2401.000000 
18156 103 95 36.000000 2800.000000 1 2.000000 2.000000 2801.000000 
18157 107 103 220.000000 2400.000000 1 14.333333 14.333334 2401.000000 
18158 106 79 38.000000 2400.000000 1 2.666667 2.666666 2401.000000 
18159 96 103 54.000000 2400.000000 1 1.333333 1.333333 2401.000000 
18160 75 58 23.000000 2800.000000 1 1.000000 1.000000 2801.000000 
18164 79 71 25.000000 2800.000000 1 0.666667 0.666667 2801.000000 
18165 111 100 258.000000 2400.000000 1 9.000000 9.000000 2401.000000 
18166 102 95 364.000000 2400.000000 1 10.666667 10.666666 2401.000000 
18169 104 100 22.000000 2400.000000 1 1.333333 1.333333 2401.000000 
18170 24 111 201.000000 2400.000000 1 4.666667 4.666666 2401.000000 
18171 71 93 88.000000 2800.000000 1 2.666667 2.666666 2801.000000 
18172 76 110 46.000000 2400.000000 1 2.000000 2.000000 2401.000000 
18173 106 108 26.000000 2400.000000 1 1.000000 1.000000 2401.000000 
18175 93 92 24.000000 2800.000000 1 1.333333 1.333333 2801.000000 
18176 92 96 47.000000 2400.000000 1 2.666667 2.666666 2401.000000 
18177 99 75 33.000000 900.000000 1 1.333333 1.333333 901.000000 
18178 95 333 53.000000 2400.000000 1 2.333333 2.333334 2401.000000 
18179 333 105 27.000000 2800.000000 1 2.000000 2.000000 2801.000000 
18180 109 110 32.000000 2400.000000 1 0.666667 0.666667 2401.000000 
18181 110 109 32.000000 2400.000000 1 0.666667 0.666667 2401.000000 
18182 108 109 33.000000 2800.000000 1 1.666667 1.666667 2801.000000 
18183 105 106 109.000000 2800.000000 1 4.666667 4.666666 2801.000000 
18184 101 104 21.000000 2400.000000 1 0.666667 0.666667 2401.000000 
18185 76 97 29.000000 2400.000000 1 0.666667 0.666667 2401.000000 
18186 97 76 29.000000 2400.000000 1 0.666667 0.666667 2401.000000 
18187 58 98 31.000000 900.000000 1 3.000000 3.000000 901.000000 
18188 94 101 217.000000 2400.000000 1 10.000000 10.000000 2401.000000 
18189 103 94 129.000000 2400.000000 1 3.000000 3.000000 2401.000000 
18190 100 102 20.000000 2400.000000 1 0.666667 0.666667 2401.000000 
18191 102 101 22.000000 2400.000000 1 2.000000 2.000000 2401.000000 
18192 101 87 593.000000 2400.000000 1 17.000000 17.000000 2401.000000 
18193 98 99 24.000000 2400.000000 1 0.666667 0.666667 2401.000000 
18194 97 98 65.000000 2400.000000 1 3.333333 3.333334 2401.000000 
18197 93 89 32.000000 2800.000000 1 1.000000 1.000000 2801.000000 
18198 92 89 18.000000 2800.000000 1 1.000000 1.000000 2801.000000 
18201 90 91 493.000000 2400.000000 1 14.000000 14.000000 2401.000000 
18203 91 81 133.000000 2400.000000 1 5.666667 5.666666 2401.000000 
18207 84 85 114.000000 2400.000000 1 3.666667 3.666666 2401.000000 
18208 85 88 176.000000 2400.000000 1 18.000000 18.000000 2401.000000 
18209 88 84 290.000000 2400.000000 1 9.666667 9.666666 2401.000000 
18210 86 82 267.000000 600.000000 1 6.666667 6.666666 601.000000 
18211 82 84 468.000000 600.000000 1 11.666667 11.666666 601.000000 
18212 82 81 50.000000 600.000000 1 2.333333 2.333334 601.000000 
18213 81 82 50.000000 600.000000 1 2.333333 2.333334 601.000000 
18214 89 90 79.000000 2400.000000 1 2.000000 2.000000 2401.000000 
18215 88 83 190.000000 600.000000 1 6.666667 6.666666 601.000000 
18216 1 82 394.000000 2400.000000 1 10.000000 10.000000 2401.000000 
18218 82 107 514.000000 2400.000000 1 12.333333 12.333334 2401.000000 
18219 87 84 280.000000 2400.000000 1 9.666667 9.666666 2401.000000 
18220 84 104 877.000000 2400.000000 1 34.333333 34.333334 2401.000000 
18221 81 5 387.000000 2400.000000 1 20.333333 20.333333 2401.000000 
18222 60 62 166.000000 2800.000000 1 5.333333 5.333334 2801.000000 
18223 62 60 166.000000 2800.000000 1 6.000000 6.000000 2801.000000 
18224 63 56 133.000000 2400.000000 1 3.666667 3.666666 2401.000000 
18225 65 64 100.000000 900.000000 1 4.666667 4.666666 901.000000 
18226 57 70 14.000000 2400.000000 1 0.333333 0.333334 2401.000000 
18227 80 57 17.000000 900.000000 1 0.333333 0.333334 901.000000 
18228 66 74 244.000000 600.000000 1 8.666667 8.666666 601.000000 
18229 73 66 107.000000 600.000000 1 13.666667 13.666666 601.000000 
18230 80 63 162.000000 2400.000000 1 5.666667 5.666666 2401.000000 
18231 78 62 295.000000 600.000000 1 7.333333 7.333334 601.000000 
18232 69 55 23.000000 900.000000 1 0.666667 0.666667 901.000000 
18233 55 69 23.000000 900.000000 1 0.666667 0.666667 901.000000 
18234 79 80 104.000000 2800.000000 1 3.000000 3.000000 2801.000000 
18235 77 66 291.000000 600.000000 1 19.000000 19.000000 601.000000 
18237 58 76 62.000000 2400.000000 1 1.666667 1.666667 2401.000000 
18238 75 69 53.000000 900.000000 1 1.333333 1.333333 901.000000 
18239 72 70 177.000000 900.000000 1 4.333333 4.333334 901.000000 
18240 68 72 144.000000 900.000000 1 10.333333 10.333334 901.000000 
18241 70 71 93.000000 2800.000000 1 7.000000 7.000000 2801.000000 
18242 63 54 89.000000 900.000000 1 2.666667 2.666666 901.000000 
18243 69 65 74.000000 900.000000 1 2.000000 2.000000 901.000000 
18244 57 68 38.000000 900.000000 1 2.333333 2.333334 901.000000 
18245 67 63 175.000000 900.000000 1 9.000000 9.000000 901.000000 
18246 62 66 190.000000 2800.000000 1 9.333333 9.333334 2801.000000 
18247 66 62 190.000000 2800.000000 1 8.333333 8.333334 2801.000000 
18248 65 54 21.000000 900.000000 1 0.666667 0.666667 901.000000 
18249 54 65 21.000000 900.000000 1 0.666667 0.666667 901.000000 
18250 64 222 511.000000 900.000000 1 23.333333 23.333333 901.000000 
18251 63 64 20.000000 2400.000000 1 0.666667 0.666667 2401.000000 
18252 64 63 20.000000 2800.000000 1 0.666667 0.666667 2801.000000 
18253 61 62 119.000000 600.000000 1 6.000000 6.000000 601.000000 
18254 62 61 119.000000 600.000000 1 3.666667 3.666666 601.000000 
18255 59 60 100.000000 2800.000000 1 3.000000 3.000000 2801.000000 
18256 60 59 100.000000 2800.000000 1 4.666667 4.666666 2801.000000 
18262 55 58 49.000000 900.000000 1 9.000000 9.000000 901.000000 
18263 56 57 40.000000 2400.000000 1 1.666667 1.666667 2401.000000 
18264 54 55 74.000000 900.000000 1 2.000000 2.000000 901.000000 
18270 53 48 321.000000 600.000000 1 18.000000 18.000000 601.000000 
18271 49 50 160.000000 2800.000000 1 3.333333 3.333334 2801.000000 
18272 47 53 65.000000 2800.000000 1 2.666667 2.666666 2801.000000 
18274 52 45 62.000000 2800.000000 1 2.333333 2.333334 2801.000000 
18275 46 47 68.000000 2800.000000 1 1.666667 1.666667 2801.000000 
18276 47 45 22.000000 2800.000000 1 0.333333 0.333334 2801.000000 
18277 45 47 22.000000 2800.000000 1 0.333333 0.333334 2801.000000 
18278 45 46 60.000000 2800.000000 1 2.000000 2.000000 2801.000000 
18279 44 42 196.000000 2400.000000 1 7.333333 7.333334 2401.000000 
18296 43 44 102.000000 2400.000000 1 4.000000 4.000000 2401.000000 
18298 42 41 108.000000 2400.000000 1 3.000000 3.000000 2401.000000 
18389 39 18 1059.000000 2800.000000 1 30.666667 30.666667 2801.000000 
18391 40 31 45.000000 2800.000000 1 2.000000 2.000000 2801.000000 
18394 34 39 30.000000 2800.000000 1 6.000000 6.000000 2801.000000 
18517 37 38 160.000000 900.000000 1 4.000000 4.000000 901.000000 
18518 38 163 658.000000 900.000000 1 31.000000 31.000000 901.000000 
18523 38 36 418.000000 2800.000000 1 22.333333 22.333333 2801.000000 
18537 36 38 418.000000 2800.000000 1 19.333333 19.333333 2801.000000 
18538 35 33 23.000000 2800.000000 1 1.000000 1.000000 2801.000000 
18558 32 144 42.000000 2400.000000 1 1.000000 1.000000 2401.000000 
18562 33 34 8.000000 2800.000000 1 0.666667 0.666667 2801.000000 
18580 31 32 8.000000 2800.000000 1 0.333333 0.333334 2801.000000 
18584 30 29 748.000000 2800.000000 1 20.333333 20.333333 2801.000000 
18595 28 23 747.000000 2800.000000 1 31.333333 31.333333 2801.000000 
18605 24 21 18.000000 2800.000000 1 0.666667 0.666667 2801.000000 
18607 27 30 34.000000 2800.000000 1 1.666667 1.666667 2801.000000 
18608 22 19 14.000000 2800.000000 1 0.333333 0.333334 2801.000000 
18610 25 26 112.000000 2800.000000 1 3.666667 3.666666 2801.000000 
18611 30 23 23.000000 2800.000000 1 2.000000 2.000000 2801.000000 
18613 28 29 17.000000 600.000000 1 0.333333 0.333334 601.000000 
18614 29 28 17.000000 600.000000 1 0.333333 0.333334 601.000000 
18618 26 27 24.000000 2800.000000 1 0.666667 0.666667 2801.000000 
18619 20 25 22.000000 2800.000000 1 0.666667 0.666667 2801.000000 
18620 23 24 85.000000 2800.000000 1 3.333333 3.333334 2801.000000 
18621 21 22 106.000000 2800.000000 1 3.000000 3.000000 2801.000000 
18622 19 20 45.000000 2800.000000 1 1.333333 1.333333 2801.000000 
18627 18 16 51.000000 2800.000000 1 6.333333 6.333334 2801.000000 
18632 17 18 43.000000 2800.000000 1 1.333333 1.333333 2801.000000 
18635 16 15 306.000000 2800.000000 1 6.666667 6.666666 2801.000000 
18636 16 17 14.000000 2400.000000 1 0.666667 0.666667 2401.000000 
18637 17 16 14.000000 2400.000000 1 0.333333 0.333334 2401.000000 
18679 14 38 209.000000 2800.000000 1 10.666667 10.666666 2801.000000 
18680 11 2 88.000000 2800.000000 1 4.666667 4.666666 2801.000000 
18681 5 13 61.000000 2800.000000 1 1.666667 1.666667 2801.000000 
18682 12 9 19.000000 2800.000000 1 1.333333 1.333333 2801.000000 
18683 3 6 35.000000 2800.000000 1 7.000000 7.000000 2801.000000 
18684 9 8 20.000000 2800.000000 1 0.333333 0.333334 2801.000000 
18685 13 2 21.000000 2800.000000 1 0.333333 0.333334 2801.000000 
18686 2 13 21.000000 2800.000000 1 0.333333 0.333334 2801.000000 
18687 6 0 55.000000 2800.000000 1 3.000000 3.000000 2801.000000 
18688 7 4 21.000000 2800.000000 1 0.333333 0.333334 2801.000000 
18689 4 7 21.000000 2800.000000 1 0.666667 0.666667 2801.000000 
18690 13 14 82.000000 2800.000000 1 2.333333 2.333334 2801.000000 
18693 8 12 9.000000 2800.000000 1 0.333333 0.333334 2801.000000 
18694 10 11 132.000000 2800.000000 1 3.666667 3.666666 2801.000000 
18695 9 4 82.000000 2800.000000 1 2.333333 2.333334 2801.000000 
18696 1 5 54.000000 2800.000000 1 3.666667 3.666666 2801.000000 
18697 7 8 82.000000 2800.000000 1 3.333333 3.333334 2801.000000 
18698 5 6 24.000000 2800.000000 1 5.333333 5.333334 2801.000000 
18699 2 3 33.000000 2800.000000 1 3.000000 3.000000 2801.000000 
18700 0 1 25.000000 2800.000000 1 3.666667 3.666666 2801.000000 
19578 16 334 363.000000 2800.000000 1 12.666667 12.666666 2801.000000 
19579 334 140 70.000000 900.000000 1 3.333333 3.333334 901.000000 
19580 334 16 363.000000 2800.000000 1 14.000000 14.000000 2801.000000 
19581 140 334 70.000000 900.000000 1 3.333333 3.333334 901.000000 
19582 7 334 327.000000 600.000000 1 11.000000 11.000000 601.000000 
19583 334 7 327.000000 600.000000 1 12.333333 12.333334 601.000000 
