# id x y
0 2.32083 0.462301
1 2.30467 0.464787
2 2.29349 0.390222
3 2.30156 0.408863
4 2.30716 1.60066
5 2.29411 0.431854
6 2.30902 0.42999
7 2.29784 1.60998
8 2.26615 1.56959
9 2.27547 1.56027
10 2.2183 0.274647
11 2.2649 0.342998
12 2.26366 1.564
13 2.28106 0.395814
14 2.25496 0.350454
15 2.37116 1.68703
16 2.37302 1.87717
17 2.37986 1.88214
18 2.37737 1.90886
19 1.57456 1.02589
20 1.56213 1.05074
21 1.54225 0.964992
22 1.57642 1.01657
23 1.47887 1.00041
24 1.53168 0.961264
25 1.55219 1.06068
26 1.48694 1.05012
27 1.48011 1.03583
28 1.01781 0.942001
29 1.01657 0.953186
30 1.47762 1.0147
31 2.06606 2.49854
32 2.06793 2.50351
33 2.06171 2.50724
34 2.05923 2.50227
35 2.07104 2.51842
36 2.08222 0
37 2.29038 0.197597
38 2.1978 0.233636
39 2.05799 2.48363
40 2.06296 2.46996
41 1.6746 1.6659
42 1.60811 1.67833
43 1.55219 1.70194
44 1.48881 1.70691
45 2.41155 0.626344
46 2.44386 0.644985
47 2.40223 0.637528
48 2.31834 0.768017
49 2.41963 0.7966
50 2.44137 0.699666
51 2.47058 0.651199
52 2.38172 0.600867
53 2.37116 0.610809
54 1.62054 0.198839
55 1.57829 0.216238
56 1.65844 0.25787
57 1.65223 0.282103
58 1.54908 0.226801
59 2.32891 1.51491
60 2.37613 1.47452
61 2.32269 1.40182
62 2.38856 1.37386
63 1.67149 0.175848
64 1.67398 0.163421
65 1.61557 0.18579
66 2.37861 1.25517
67 1.77029 0.129867
68 1.66279 0.303851
69 1.57269 0.203189
70 1.64726 0.28956
71 1.60314 0.326842
72 1.69759 0.385872
73 2.32269 1.22535
74 2.23756 1.23342
75 1.54163 0.214374
76 1.56834 0.260977
77 2.55943 1.25828
78 2.57248 1.36951
79 1.59631 0.313172
80 1.64726 0.272783
81 2.0555 0.396436
82 2.06234 0.428126
83 2.29473 0.648713
84 2.13504 0.71085
85 2.20277 0.732598
86 2.10459 0.589061
87 1.96105 0.698423
88 2.30716 0.764288
89 1.64167 0.388979
90 1.68951 0.400785
91 1.97472 0.414456
92 1.63048 0.392086
93 1.62489 0.377795
94 1.61743 0.535002
95 1.61184 0.441796
96 1.63359 0.421912
97 1.55157 0.269054
98 1.53106 0.233636
99 1.52174 0.22183
100 1.57704 0.678539
101 1.5932 0.668597
102 1.57953 0.666112
103 1.62986 0.455466
104 1.59071 0.681646
105 1.60687 0.391465
106 1.57953 0.329328
107 1.75662 0.508904
108 1.57269 0.314415
109 1.564 0.295152
110 1.58201 0.286453
111 1.55219 0.838232
112 1.7995 1.6572
113 1.79701 1.64353
114 1.5932 1.08492
115 1.80633 1.64167
116 1.8113 1.65534
117 1.77526 1.66093
118 1.90886 1.62551
119 1.91445 1.63918
120 1.71623 1.20049
121 1.6833 1.17004
122 1.79328 1.61868
123 1.69262 1.15948
124 1.77216 1.64788
125 1.58388 1.09548
126 2.17108 1.58201
127 2.24937 1.56834
128 0.992954 1.74233
129 2.06047 1.61681
130 1.96105 1.63235
131 1.74854 1.37572
132 1.07746 1.78396
133 1.76283 1.45898
134 0.929574 1.73612
135 2.17356 1.59382
136 2.25061 1.57829
137 1.92501 2.5961
138 1.80819 2.50413
139 2.10397 1.95608
140 2.16673 1.77091
141 2.0263 2.52464
142 1.60128 2.69489
143 1.25579 2.65823
144 2.04432 2.51594
145 1.23218 0.336784
146 1.29805 0.301987
147 1.3664 0.277754
148 1.25269 0.317521
149 1.49067 0.233636
150 1.49502 0.245442
151 1.37075 0.288317
152 1.45463 0.259734
153 1.39933 0.278996
154 1.3956 0.26719
155 1.25579 0.328706
156 1.21851 0.342376
157 1.21541 0.332434
158 1.45028 0.247928
159 2.32766 0.536866
160 2.36432 0.60211
161 2.3258 0.476593
162 2.3258 0.426262
163 2.51159 0.28086
164 2.37551 0.593411
165 2.3432 0.531895
166 1.14457 1.82062
167 1.21603 1.81938
168 0.892913 1.84051
169 1.21354 1.75911
170 1.22721 1.81876
171 1.22845 1.82994
172 1.21789 1.82994
173 1.20111 1.76097
174 1.0321 1.82373
175 0.662383 1.58574
176 0.664247 1.63732
177 0.605838 1.88711
178 0.597139 2.14684
179 0.435582 2.22327
180 0.652441 1.57518
181 0.651199 1.63794
182 0.44366 1.91383
183 0.657412 1.64602
184 0.74689 1.66528
185 0.178955 1.80012
186 0 2.0816
187 0.202568 2.12572
188 0.216859 1.948
189 0.0981769 2.11329
190 0.117439 1.97597
191 0.195732 2.14498
192 0.581605 1.77216
193 0.0142916 2.02816
194 0.688481 1.88027
195 0.682889 1.88152
196 0.684753 1.87033
197 0.715821 1.86598
198 0.717686 1.87717
199 0.587819 2.27236
200 0.988604 1.83988
201 1.03334 1.83554
202 1.19304 1.76283
203 2.34009 0.456709
204 2.44634 0.397057
205 2.48487 0.513875
206 2.31958 1.49689
207 2.55136 0.48902
208 2.55322 0.494613
209 2.59796 0.614538
210 2.50413 0.349211
211 1.22348 0.428126
212 1.18993 0.416941
213 1.16072 0.365367
214 1.36081 0.475972
215 1.22659 0.417562
216 1.19304 0.406999
217 1.36453 0.464787
218 1.33409 0.466651
219 1.33719 0.455466
220 1.94552 0.308822
221 2.02692 0.283967
222 1.97224 0.0497098
223 1.84051 0.338648
224 1.77216 2.46871
225 1.75973 2.49357
226 1.76594 2.48425
227 1.7852 2.5004
228 1.52982 2.25745
229 1.52485 2.26677
230 1.80571 1.70318
231 1.81441 1.66652
232 1.51988 2.25061
233 1.55405 2.19469
234 1.51677 2.25931
235 1.34838 1.12593
236 1.35584 1.13649
237 1.12717 1.17377
238 1.69448 2.40409
239 1.48384 2.43516
240 1.58885 2.31523
241 1.5758 2.15306
242 1.37634 2.41528
243 1.18123 1.24026
244 1.09237 1.29991
245 1.1862 1.2471
246 1.20795 1.22162
247 1.96478 1.66528
248 1.96105 1.6454
249 1.9536 1.66093
250 1.18372 1.6137
251 1.08305 1.30613
252 1.06006 1.32663
253 1.09424 1.30799
254 1.08865 1.31234
255 1.18434 1.67211
256 1.11971 1.35086
257 1.11226 1.35397
258 1.15513 1.43226
259 1.42978 1.47762
260 1.27319 1.32166
261 1.45215 1.53479
262 1.14705 1.43226
263 1.35211 1.33347
264 1.44531 0.497098
265 1.16818 0.36226
266 1.46147 0.526924
267 1.47141 0.520089
268 1.14954 0.370338
269 1.14705 0.361018
270 1.1601 0.354804
271 1.22348 2.00828
272 1.22348 2.02381
273 1.26636 2.03686
274 1.30053 2.06731
275 1.22783 1.84175
276 1.22348 2.17729
277 1.21789 1.84113
278 1.38069 2.1369
279 1.47017 2.21333
280 1.21478 1.99585
281 1.21541 1.94925
282 1.22348 2.20836
283 1.31234 1.82932
284 1.2241 1.99709
285 1.21106 2.17791
286 1.21416 2.02381
287 0.85563 2.28168
288 0.729492 2.26118
289 0.607081 2.68619
290 0.595275 2.69179
291 0.993575 1.36826
292 0.90969 1.41549
293 0.915282 1.42481
294 0.943865 1.00476
295 0.841339 1.69635
296 0.731356 1.52796
297 0.408863 1.74916
298 0.560478 1.67957
299 0.170878 1.77278
300 0.073322 1.76905
301 0.119925 1.55032
302 1.24461 2.61971
303 2.35376 1.1222
304 2.35252 1.11288
305 2.36308 1.12593
306 1.16694 0.352318
307 1.73363 1.03831
308 2.37364 1.22224
309 1.95422 1.07187
310 1.73301 1.04639
311 1.95484 1.06565
312 2.12323 1.0874
313 2.30219 1.11661
314 2.36122 1.11474
315 2.30343 1.11039
316 2.12199 1.09175
317 1.04515 1.22286
318 0.994818 1.11226
319 0.871165 1.70194
320 0.954429 1.03645
321 1.13152 2.36681
322 0.902233 2.28976
323 1.17874 2.37675
324 1.6833 1.85915
325 1.67584 1.96789
326 1.72804 1.86785
327 1.73549 1.85542
328 1.41922 1.82932
329 1.41984 1.81938
330 1.50434 1.83491
331 1.64229 2.0294
332 1.68516 1.84734
333 1.6106 0.408863
334 2.1891 1.78334
335 1.23715 2.56378
336 0.556129 1.89829
337 0.861844 1.82124
338 1.21292 2.11888
339 1.19366 1.24585
340 1.49129 1.66963
341 2.28852 1.39871
342 1.7473 0.553643
343 1.6659 0.290802
344 1.26387 0.431233
345 2.36122 0.533138
346 2.1922 0.187655
347 0.640635 2.20587
348 1.63607 2.26552
349 0.828911 1.44718
350 1.07311 1.58201
351 1.76159 1.53479
352 2.00766 1.57207
353 1.67771 0.971206
354 0.30323 1.8579
355 0.881107 2.15244
356 1.51988 1.96851
357 1.8666 1.99399
358 1.07311 0.603974
359 0.232393 2.39477
360 2.14063 2.21084
