# id node_number1 node_number2 value 
1 359 354    5.890000   
2 359 335    0.470000   
3 359 360    1.830000   
4 359 336    14.140000  
5 359 347    7.570000   
6 359 337    11.990000  
7 359 355    11.410000  
8 359 357    5.480000   
9 359 356    8.310000   
10 359 338   17.610000  
11 359 348   16.460000  
12 359 349   13.750000  
13 359 350   8.090000   
14 359 339   9.810000   
15 359 351   11.830000  
16 359 340   1.580000   
17 359 358   0.020000   
18 359 353   0.050000   
19 359 342   0.140000   
20 359 343   0.650000   
21 359 344   0.330000   
22 359 345   0.080000   
23 359 346   0.670000   
24 354 359   5.650000   
25 354 335   10.380000  
26 354 360   11.890000  
27 354 336   66.150000  
28 354 347   41.010000  
29 354 337   69.000000  
30 354 355   58.910000  
31 354 357   38.300000  
32 354 356   54.580000  
33 354 338   124.170000 
34 354 348   90.550000  
35 354 349   87.750000  
36 354 350   54.550000  
37 354 339   72.350000  
38 354 351   72.830000  
39 354 340   22.750000  
40 354 352   4.920000   
41 354 358   0.210000   
42 354 353   0.830000   
43 354 341   1.010000   
44 354 342   1.780000   
45 354 343   6.870000   
46 354 344   3.800000   
47 354 345   0.950000   
48 354 346   7.980000   
49 335 359   0.490000   
50 335 354   10.200000  
51 335 360   3.680000   
52 335 336   22.590000  
53 335 347   11.190000  
54 335 337   18.320000  
55 335 355   12.930000  
56 335 357   10.910000  
57 335 356   12.040000  
58 335 338   21.820000  
59 335 348   19.890000  
60 335 349   19.450000  
61 335 350   11.080000  
62 335 339   15.220000  
63 335 351   19.530000  
64 335 340   3.730000   
65 335 352   0.460000   
66 335 358   0.030000   
67 335 353   0.130000   
68 335 341   0.100000   
69 335 342   0.310000   
70 335 343   1.220000   
71 335 344   0.520000   
72 335 345   0.210000   
73 335 346   1.520000   
74 360 359   1.750000   
75 360 354   11.960000  
76 360 335   3.770000   
77 360 336   11.120000  
78 360 347   5.360000   
79 360 337   11.630000  
80 360 355   7.740000   
81 360 357   5.380000   
82 360 356   9.840000   
83 360 338   20.560000  
84 360 348   11.080000  
85 360 349   10.750000  
86 360 350   7.490000   
87 360 339   9.530000   
88 360 351   11.800000  
89 360 340   7.040000   
90 360 352   2.490000   
91 360 358   0.030000   
92 360 353   0.280000   
93 360 341   0.740000   
94 360 342   0.440000   
95 360 343   1.110000   
96 360 344   0.710000   
97 360 345   0.370000   
98 360 346   2.570000   
99 336 359   15.000000  
100 336 354  65.250000  
101 336 335  22.500000  
102 336 360  10.550000  
103 336 347  17.680000  
104 336 337  41.820000  
105 336 355  24.390000  
106 336 357  27.870000  
107 336 356  46.360000  
108 336 338  86.270000  
109 336 348  47.420000  
110 336 349  45.270000  
111 336 350  32.580000  
112 336 339  43.270000  
113 336 351  39.950000  
114 336 340  38.190000  
115 336 352  13.960000  
116 336 358  0.230000   
117 336 353  1.470000   
118 336 341  3.040000   
119 336 342  2.140000   
120 336 343  4.800000   
121 336 344  4.470000   
122 336 345  1.170000   
123 336 346  9.070000   
124 347 359  7.260000   
125 347 354  41.240000  
126 347 335  11.500000  
127 347 360  5.400000   
128 347 336  20.790000  
129 347 337  23.930000  
130 347 355  9.210000   
131 347 357  14.430000  
132 347 356  22.700000  
133 347 338  39.210000  
134 347 348  21.340000  
135 347 349  25.960000  
136 347 350  16.950000  
137 347 339  20.230000  
138 347 351  16.930000  
139 347 340  20.320000  
140 347 352  7.380000   
141 347 358  0.100000   
142 347 353  0.730000   
143 347 341  1.610000   
144 347 342  0.990000   
145 347 343  1.810000   
146 347 344  2.050000   
147 347 345  0.510000   
148 347 346  3.830000   
149 337 359  12.710000  
150 337 354  67.930000  
151 337 335  18.250000  
152 337 360  11.040000  
153 337 336  42.000000  
154 337 347  21.000000  
155 337 355  23.910000  
156 337 357  29.820000  
157 337 356  40.920000  
158 337 338  68.800000  
159 337 348  54.280000  
160 337 349  40.590000  
161 337 350  24.210000  
162 337 339  41.650000  
163 337 351  46.220000  
164 337 340  28.100000  
165 337 352  11.750000  
166 337 358  0.210000   
167 337 353  1.290000   
168 337 341  2.710000   
169 337 342  2.090000   
170 337 343  5.250000   
171 337 344  4.210000   
172 337 345  1.310000   
173 337 346  10.470000  
174 355 359  10.960000  
175 355 354  59.230000  
176 355 335  13.260000  
177 355 360  7.770000   
178 355 336  27.940000  
179 355 347  9.220000   
180 355 337  26.720000  
181 355 357  19.830000  
182 355 356  27.890000  
183 355 338  41.350000  
184 355 348  28.140000  
185 355 349  31.100000  
186 355 350  19.810000  
187 355 339  26.730000  
188 355 351  23.530000  
189 355 340  26.400000  
190 355 352  10.390000  
191 355 358  0.130000   
192 355 353  1.010000   
193 355 341  2.350000   
194 355 342  1.380000   
195 355 343  2.740000   
196 355 344  2.770000   
197 355 345  0.810000   
198 355 346  5.900000   
199 357 359  5.800000   
200 357 354  37.350000  
201 357 335  10.910000  
202 357 360  4.960000   
203 357 336  29.210000  
204 357 347  11.870000  
205 357 337  30.820000  
206 357 355  16.690000  
207 357 356  16.880000  
208 357 338  46.890000  
209 357 348  20.520000  
210 357 349  27.810000  
211 357 350  18.590000  
212 357 339  24.400000  
213 357 351  18.950000  
214 357 340  15.320000  
215 357 352  6.430000   
216 357 358  0.100000   
217 357 353  0.830000   
218 357 341  2.040000   
219 357 342  1.310000   
220 357 343  2.780000   
221 357 344  2.220000   
222 357 345  0.950000   
223 357 346  7.540000   
224 356 359  7.970000   
225 356 354  54.750000  
226 356 335  12.390000  
227 356 360  9.830000   
228 356 336  51.590000  
229 356 347  22.570000  
230 356 337  45.060000  
231 356 355  27.720000  
232 356 357  19.240000  
233 356 338  52.200000  
234 356 348  33.310000  
235 356 349  48.570000  
236 356 350  25.420000  
237 356 339  41.170000  
238 356 351  32.540000  
239 356 340  17.020000  
240 356 352  8.410000   
241 356 358  0.150000   
242 356 353  1.050000   
243 356 341  2.400000   
244 356 342  1.760000   
245 356 343  4.610000   
246 356 344  3.140000   
247 356 345  1.270000   
248 356 346  9.960000   
249 338 359  18.680000  
250 338 354  122.380000 
251 338 335  21.730000  
252 338 360  19.590000  
253 338 336  86.270000  
254 338 347  34.580000  
255 338 337  68.570000  
256 338 355  37.180000  
257 338 357  45.190000  
258 338 356  47.540000  
259 338 348  67.270000  
260 338 349  82.070000  
261 338 350  45.050000  
262 338 339  68.440000  
263 338 351  75.290000  
264 338 340  41.000000  
265 338 352  19.360000  
266 338 358  0.280000   
267 338 353  1.980000   
268 338 341  4.510000   
269 338 342  3.050000   
270 338 343  7.390000   
271 338 344  5.710000   
272 338 345  2.050000   
273 338 346  15.090000  
274 348 359  15.790000  
275 348 354  91.030000  
276 348 335  20.390000  
277 348 360  11.140000  
278 348 336  53.560000  
279 348 347  21.330000  
280 348 337  59.980000  
281 348 355  28.110000  
282 348 357  24.100000  
283 348 356  33.490000  
284 348 338  73.980000  
285 348 349  47.570000  
286 348 350  35.460000  
287 348 339  39.570000  
288 348 351  38.760000  
289 348 340  38.700000  
290 348 352  20.000000  
291 348 358  0.210000   
292 348 353  1.750000   
293 348 341  4.690000   
294 348 342  2.370000   
295 348 343  4.480000   
296 348 344  4.160000   
297 348 345  1.710000   
298 348 346  11.870000  
299 349 359  14.570000  
300 349 354  86.500000  
301 349 335  19.370000  
302 349 360  10.160000  
303 349 336  45.390000  
304 349 347  21.770000  
305 349 337  40.480000  
306 349 355  26.850000  
307 349 357  26.540000  
308 349 356  43.420000  
309 349 338  82.210000  
310 349 348  41.670000  
311 349 350  23.180000  
312 349 339  29.510000  
313 349 351  38.870000  
314 349 340  34.420000  
315 349 352  14.620000  
316 349 358  0.250000   
317 349 353  1.630000   
318 349 341  3.380000   
319 349 342  2.500000   
320 349 343  5.700000   
321 349 344  5.150000   
322 349 345  1.580000   
323 349 346  12.940000  
324 350 359  7.760000   
325 350 354  54.740000  
326 350 335  11.390000  
327 350 360  7.490000   
328 350 336  36.370000  
329 350 347  16.870000  
330 350 337  26.670000  
331 350 355  19.700000  
332 350 357  21.320000  
333 350 356  25.450000  
334 350 338  49.490000  
335 350 348  35.280000  
336 350 349  26.040000  
337 350 339  22.800000  
338 350 351  28.620000  
339 350 340  15.790000  
340 350 352  8.430000   
341 350 358  0.140000   
342 350 353  0.950000   
343 350 341  1.970000   
344 350 342  1.590000   
345 350 343  3.990000   
346 350 344  3.130000   
347 350 345  1.040000   
348 350 346  8.830000   
349 339 359  10.410000  
350 339 354  71.200000  
351 339 335  15.180000  
352 339 360  8.960000   
353 339 336  43.690000  
354 339 347  16.790000  
355 339 337  41.760000  
356 339 355  22.820000  
357 339 357  23.420000  
358 339 356  36.600000  
359 339 338  68.930000  
360 339 348  34.290000  
361 339 349  29.730000  
362 339 350  20.170000  
363 339 351  28.490000  
364 339 340  25.590000  
365 339 352  13.320000  
366 339 358  0.190000   
367 339 353  1.170000   
368 339 341  3.210000   
369 339 342  2.390000   
370 339 343  5.230000   
371 339 344  4.720000   
372 339 345  1.580000   
373 339 346  13.380000  
374 351 359  11.360000  
375 351 354  73.220000  
376 351 335  19.960000  
377 351 360  11.870000  
378 351 336  43.240000  
379 351 347  16.940000  
380 351 337  49.510000  
381 351 355  23.520000  
382 351 357  21.440000  
383 351 356  32.710000  
384 351 338  80.310000  
385 351 348  38.770000  
386 351 349  42.410000  
387 351 350  28.760000  
388 351 339  31.380000  
389 351 340  25.810000  
390 351 352  10.770000  
391 351 358  0.220000   
392 351 353  1.410000   
393 351 341  3.580000   
394 351 342  2.730000   
395 351 343  5.550000   
396 351 344  4.900000   
397 351 345  2.040000   
398 351 346  15.840000  
399 340 359  1.670000   
400 340 354  22.210000  
401 340 335  3.740000   
402 340 360  6.770000   
403 340 336  38.690000  
404 340 347  19.170000  
405 340 337  28.410000  
406 340 355  25.010000  
407 340 357  15.360000  
408 340 356  16.080000  
409 340 338  41.510000  
410 340 348  36.770000  
411 340 349  34.850000  
412 340 350  14.940000  
413 340 339  25.870000  
414 340 351  24.690000  
415 340 352  1.770000   
416 340 358  0.090000   
417 340 353  0.380000   
418 340 341  0.560000   
419 340 342  0.980000   
420 340 343  3.900000   
421 340 344  1.760000   
422 340 345  0.770000   
423 340 346  6.580000   
424 352 354  5.450000   
425 352 335  0.460000   
426 352 360  2.760000   
427 352 336  13.840000  
428 352 347  8.160000   
429 352 337  11.660000  
430 352 355  11.490000  
431 352 357  6.370000   
432 352 356  9.290000   
433 352 338  19.200000  
434 352 348  22.110000  
435 352 349  14.500000  
436 352 350  9.320000   
437 352 339  13.220000  
438 352 351  11.920000  
439 352 340  1.770000   
440 352 358  0.030000   
441 352 353  0.080000   
442 352 342  0.370000   
443 352 343  1.750000   
444 352 344  0.590000   
445 352 345  0.330000   
446 352 346  2.980000   
447 358 359  0.010000   
448 358 354  0.720000   
449 358 335  0.030000   
450 358 360  0.210000   
451 358 336  0.280000   
452 358 347  0.780000   
453 358 337  0.240000   
454 358 355  1.060000   
455 358 357  0.120000   
456 358 356  0.920000   
457 358 338  0.340000   
458 358 348  1.560000   
459 358 349  0.310000   
460 358 350  0.960000   
461 358 339  0.230000   
462 358 351  1.720000   
463 358 340  0.080000   
464 358 352  0.010000   
465 358 353  0.480000   
466 358 341  0.940000   
467 358 342  2.060000   
468 358 343  3.510000   
469 358 344  2.810000   
470 358 345  0.830000   
471 358 346  17.550000  
472 353 359  0.030000   
473 353 354  0.730000   
474 353 335  0.060000   
475 353 360  0.270000   
476 353 336  0.130000   
477 353 347  0.730000   
478 353 337  0.150000   
479 353 355  1.010000   
480 353 357  0.080000   
481 353 356  1.020000   
482 353 338  0.220000   
483 353 348  1.760000   
484 353 349  0.120000   
485 353 350  0.940000   
486 353 339  0.100000   
487 353 351  1.420000   
488 353 340  0.120000   
489 353 352  0.060000   
490 353 358  0.150000   
491 353 341  2.940000   
492 353 342  1.800000   
493 353 343  3.020000   
494 353 344  4.850000   
495 353 345  1.400000   
496 353 346  20.250000  
497 341 354  1.400000   
498 341 335  0.190000   
499 341 360  1.020000   
500 341 336  5.290000   
501 341 347  2.200000   
502 341 337  4.720000   
503 341 355  3.220000   
504 341 357  3.560000   
505 341 356  3.290000   
506 341 338  7.820000   
507 341 348  6.440000   
508 341 349  5.870000   
509 341 350  2.700000   
510 341 339  5.590000   
511 341 351  4.910000   
512 341 340  0.980000   
513 341 358  0.720000   
514 341 353  2.610000   
515 341 342  9.160000   
516 341 343  53.900000  
517 341 344  14.170000  
518 341 345  10.400000  
519 341 346  77.550000  
520 342 359  0.090000   
521 342 354  1.520000   
522 342 335  0.200000   
523 342 360  0.450000   
524 342 336  1.460000   
525 342 347  1.110000   
526 342 337  1.400000   
527 342 355  1.550000   
528 342 357  0.860000   
529 342 356  1.800000   
530 342 338  2.080000   
531 342 348  2.690000   
532 342 349  1.720000   
533 342 350  1.660000   
534 342 339  1.610000   
535 342 351  3.060000   
536 342 340  0.630000   
537 342 352  0.250000   
538 342 358  1.500000   
539 342 353  0.570000   
540 342 341  12.420000  
541 342 343  23.430000  
542 342 344  11.690000  
543 342 345  8.210000   
544 342 346  44.020000  
545 343 359  0.430000   
546 343 354  5.560000   
547 343 335  0.850000   
548 343 360  1.210000   
549 343 336  5.020000   
550 343 347  2.580000   
551 343 337  5.130000   
552 343 355  3.790000   
553 343 357  2.860000   
554 343 356  5.110000   
555 343 338  7.080000   
556 343 348  6.210000   
557 343 349  6.060000   
558 343 350  4.740000   
559 343 339  5.710000   
560 343 351  7.620000   
561 343 340  2.900000   
562 343 352  1.300000   
563 343 358  7.590000   
564 343 353  2.550000   
565 343 341  63.910000  
566 343 342  20.270000  
567 343 344  54.590000  
568 343 345  40.760000  
569 343 346  205.150000 
570 344 359  0.200000   
571 344 354  3.400000   
572 344 335  0.360000   
573 344 360  0.770000   
574 344 336  4.270000   
575 344 347  2.420000   
576 344 337  3.840000   
577 344 355  3.330000   
578 344 357  2.020000   
579 344 356  3.400000   
580 344 338  5.260000   
581 344 348  5.000000   
582 344 349  4.950000   
583 344 350  3.460000   
584 344 339  4.480000   
585 344 351  5.830000   
586 344 340  1.320000   
587 344 352  0.410000   
588 344 358  2.030000   
589 344 353  1.950000   
590 344 341  19.220000  
591 344 342  11.040000  
592 344 343  53.640000  
593 344 345  17.420000  
594 344 346  117.920000 
595 345 359  0.050000   
596 345 354  0.980000   
597 345 335  0.160000   
598 345 360  0.520000   
599 345 336  1.420000   
600 345 347  0.860000   
601 345 337  1.500000   
602 345 355  1.330000   
603 345 357  1.140000   
604 345 356  1.790000   
605 345 338  2.320000   
606 345 348  2.840000   
607 345 349  1.920000   
608 345 350  1.550000   
609 345 339  1.940000   
610 345 351  3.370000   
611 345 340  0.650000   
612 345 352  0.240000   
613 345 358  1.450000   
614 345 353  1.150000   
615 345 341  12.340000  
616 345 342  6.590000   
617 345 343  38.510000  
618 345 344  15.810000  
619 345 346  47.930000  
620 346 359  0.410000   
621 346 354  6.560000   
622 346 335  1.030000   
623 346 360  2.610000   
624 346 336  7.450000   
625 346 347  4.320000   
626 346 337  8.240000   
627 346 355  6.760000   
628 346 357  5.810000   
629 346 356  10.070000  
630 346 338  12.000000  
631 346 348  13.700000  
632 346 349  10.670000  
633 346 350  9.170000   
634 346 339  10.840000  
635 346 351  18.000000  
636 346 340  4.540000   
637 346 352  2.040000   
638 346 358  12.570000  
639 346 353  6.110000   
640 346 341  105.200000 
641 346 342  45.120000  
642 346 343  217.460000 
643 346 344  127.520000 
644 346 345  57.050000  
