maxN: 24
maxL: 91
m: 250


linkO: 		[1	1	2	2	3	3	3	4	4	4	5	5	5	6	6	6	7	7	8	8	8	8	9	9	9	10	10	10	10	10	11	11	11	11	12	12	12	13	13	14	14	14	15	15	15	15	16	16	16	16	17	17	17	18	18	18	19	19	19	20	20	20	20	21	21	21	22	22	22	22	23	23	23	24	24	24	13	14	11	15	22	19	9	11	7	16	2	5	22	15	17]
linkD: 		[2	3	1	6	1	4	12	3	5	11	4	6	9	2	5	8	8	18	6	7	9	16	5	8	10	9	11	15	16	17	4	10	12	14	3	11	13	12	24	11	15	23	10	14	19	22	8	10	17	18	10	16	19	7	16	20	15	17	20	18	19	21	22	20	22	24	15	20	21	23	14	22	24	13	21	23	14	13	15	11	19	22	11	9	16	7	5	2	14	17	15]
linkTime: 	[6	4	6	5	4	4	4	4	2	6	2	4	5	5	4	2	3	2	2	3	10	5	5	10	3	3	5	6	4	8	6	5	6	4	4	6	3	3	4	4	5	4	6	5	3	3	5	4	2	3	8	2	2	2	3	4	3	2	4	4	4	6	5	6	2	3	3	5	2	4	4	4	2	4	3	2	6	6	5	5	5	5	4	4	4	4	4	3	5	5	5]
linkType: 	[1	1	1	1	1	1	1	1	1	1	1	1	1	1	1	1	1	1	1	1	1	1	1	1	1	1	1	1	1	1	1	1	1	1	1	1	1	1	1	1	1	1	1	1	1	1	1	1	1	1	1	1	1	1	1	1	1	1	1	1	1	1	1	1	1	1	1	1	1	1	1	1	1	1	1	1	0	0	0	0	0	0	0	0	0	0	0	0	0	0	0]
linkCost: 	[0	0	0	0	0	0	0	0	0	0	0	0	0	0	0	0	0	0	0	0	0	0	0	0	0	0	0	0	0	0	0	0	0	0	0	0	0	0	0	0	0	0	0	0	0	0	0	0	0	0	0	0	0	0	0	0	0	0	0	0	0	0	0	0	0	0	0	0	0	0	0	0	0	0	0	0	15	15	10	10	10	10	10	10	10	10	8	8	10	9	9]
linkCongest:	[2	2	2	1241	2	7	2	7	3	1550	3	1001	75	1241	1001	521	119	1	521	119	2306	1157	75	2306	12	12	75	27	1080	1930	1550	75	1550	1061	2	1550	1	1	893	1061	1085	1020	27	1085	10	53	1157	1080	401	3	1930	401	554	1	3	2	10	554	958	2	958	1373	1130	1373	401	790	53	1130	401	960	1020	960	451	893	790	451	35	35	22	22	127	127	312	312	44	44	88	88	444	167	167]




maxD: 528

demandO:  [1	1	1	1	1	1	1	1	1	1	1	1	1	1	1	1	1	1	1	1	1	1	1	2	2	2	2	2	2	2	2	2	2	2	2	2	2	2	2	2	2	2	3	3	3	3	3	3	3	3	3	3	3	3	3	3	3	3	3	3	4	4	4	4	4	4	4	4	4	4	4	4	4	4	4	4	4	4	4	4	4	4	4	5	5	5	5	5	5	5	5	5	5	5	5	5	5	5	5	5	5	5	5	5	6	6	6	6	6	6	6	6	6	6	6	6	6	6	6	6	6	6	6	6	6	6	6	7	7	7	7	7	7	7	7	7	7	7	7	7	7	7	7	7	7	7	7	7	7	7	8	8	8	8	8	8	8	8	8	8	8	8	8	8	8	8	8	8	8	8	8	8	8	9	9	9	9	9	9	9	9	9	9	9	9	9	9	9	9	9	9	9	9	9	9	9	10	10	10	10	10	10	10	10	10	10	10	10	10	10	10	10	10	10	10	10	10	10	10	11	11	11	11	11	11	11	11	11	11	11	11	11	11	11	11	11	11	11	11	11	11	11	12	12	12	12	12	12	12	12	12	12	12	12	12	12	12	12	12	12	12	12	12	12	12	13	13	13	13	13	13	13	13	13	13	13	13	13	13	13	13	13	13	13	13	13	13	13	14	14	14	14	14	14	14	14	14	14	14	14	14	14	14	14	14	14	14	14	14	14	14	15	15	15	15	15	15	15	15	15	15	15	15	15	15	15	15	15	15	15	15	15	15	15	16	16	16	16	16	16	16	16	16	16	16	16	16	16	16	16	16	16	16	16	16	16	16	17	17	17	17	17	17	17	17	17	17	17	17	17	17	17	17	17	17	17	17	17	17	17	18	18	18	18	18	18	18	18	18	18	18	18	18	18	18	18	18	18	18	19	19	19	19	19	19	19	19	19	19	19	19	19	19	19	19	19	19	19	19	19	19	20	20	20	20	20	20	20	20	20	20	20	20	20	20	20	20	20	20	20	20	20	20	21	21	21	21	21	21	21	21	21	21	21	21	21	21	21	21	21	21	21	21	21	22	22	22	22	22	22	22	22	22	22	22	22	22	22	22	22	22	22	22	22	22	22	22	23	23	23	23	23	23	23	23	23	23	23	23	23	23	23	23	23	23	23	23	23	23	24	24	24	24	24	24	24	24	24	24	24	24	24	24	24	24	24	24	24]					!R
demandD:  [2	3	4	5	6	7	8	9	10	11	12	13	14	15	16	17	18	19	20	21	22	23	24	1	3	4	5	6	7	8	9	10	11	12	13	14	15	16	17	19	20	22	1	2	4	5	6	7	8	9	10	11	12	13	14	15	16	17	22	23	1	2	3	5	6	7	8	9	10	11	12	13	14	15	16	17	18	19	20	21	22	23	24	1	2	3	4	6	7	8	9	10	11	12	13	14	15	16	17	19	20	21	22	23	1	2	3	4	5	7	8	9	10	11	12	13	14	15	16	17	18	19	20	21	22	23	24	1	2	3	4	5	6	8	9	10	11	12	13	14	15	16	17	18	19	20	21	22	23	24	1	2	3	4	5	6	7	9	10	11	12	13	14	15	16	17	18	19	20	21	22	23	24	1	2	3	4	5	6	7	8	10	11	12	13	14	15	16	17	18	19	20	21	22	23	24	1	2	3	4	5	6	7	8	9	11	12	13	14	15	16	17	18	19	20	21	22	23	24	1	2	3	4	5	6	7	8	9	10	12	13	14	15	16	17	18	19	20	21	22	23	24	1	2	3	4	5	6	7	8	9	10	11	13	14	15	16	17	18	19	20	21	22	23	24	1	2	3	4	5	6	7	8	9	10	11	12	14	15	16	17	18	19	20	21	22	23	24	1	2	3	4	5	6	7	8	9	10	11	12	13	15	16	17	18	19	20	21	22	23	24	1	2	3	4	5	6	7	8	9	10	11	12	13	14	16	17	18	19	20	21	22	23	24	1	2	3	4	5	6	7	8	9	10	11	12	13	14	15	17	18	19	20	21	22	23	24	1	2	3	4	5	6	7	8	9	10	11	12	13	14	15	16	18	19	20	21	22	23	24	1	4	6	7	8	9	10	11	12	13	14	15	16	17	19	20	21	22	23	1	2	4	5	6	7	8	9	10	11	12	13	14	15	16	17	18	20	21	22	23	24	1	2	4	5	6	7	8	9	10	11	12	13	14	15	16	17	18	19	21	22	23	24	1	4	5	6	7	8	9	10	11	12	13	14	15	16	17	18	19	20	22	23	24	1	2	3	4	5	6	7	8	9	10	11	12	13	14	15	16	17	18	19	20	21	23	24	1	3	4	5	6	7	8	9	10	11	12	13	14	15	16	17	18	19	20	21	22	24	1	4	6	7	8	9	10	11	12	13	14	15	16	17	19	20	21	22	23]					!S
demand:   [1	1	5	2	3	5	8	5	13	5	2	5	3	5	5	4	1	3	3	1	4	3	1	1	1	2	1	4	2	4	2	6	2	1	3	1	1	4	2	1	1	1	1	1	2	1	3	1	2	1	3	3	2	1	1	1	2	1	1	1	5	2	2	5	4	4	7	7	12	14	6	6	5	5	8	5	1	2	3	2	4	5	2	2	1	1	5	2	2	5	8	10	5	2	2	1	2	5	2	1	1	1	2	1	3	4	3	4	2	4	8	4	8	4	2	2	1	2	9	5	1	2	3	1	2	1	1	5	2	1	4	2	4	10	6	19	5	7	4	2	5	14	10	2	4	5	2	5	2	1	8	4	2	7	5	8	10	8	16	8	6	6	4	6	22	14	3	7	9	4	5	3	2	5	2	1	7	8	4	6	8	28	14	6	6	6	9	14	9	2	4	6	3	7	5	2	13	6	3	12	10	8	19	16	28	40	20	19	21	40	44	39	7	18	25	12	26	18	8	5	2	3	15	5	4	5	8	14	39	14	10	16	14	14	10	1	4	6	4	11	13	6	2	1	2	6	2	2	7	6	6	20	14	13	7	7	7	6	2	3	4	3	7	7	5	5	3	1	6	2	2	4	6	6	19	10	13	6	7	6	5	1	3	6	6	13	8	8	3	1	1	5	1	1	2	4	6	21	16	7	6	13	7	7	1	3	5	4	12	11	4	5	1	1	5	2	2	5	6	10	40	14	7	7	13	12	15	2	8	11	8	26	10	4	5	4	2	8	5	9	14	22	14	44	14	7	6	7	12	28	5	13	16	16	12	5	3	4	2	1	5	2	5	10	14	9	39	10	6	5	7	15	28	6	17	17	6	17	6	3	1	1	1	2	3	2	7	2	2	1	1	2	5	6	3	4	1	3	1	3	2	2	1	2	4	7	4	18	4	3	3	3	8	13	17	3	12	4	12	3	1	3	1	3	1	3	5	9	6	25	6	5	6	5	11	16	17	4	12	12	24	7	4	1	2	1	1	2	4	3	12	4	3	6	4	8	6	6	1	4	12	18	7	5	4	1	1	4	2	2	5	5	7	26	11	7	13	12	26	12	17	3	12	24	18	21	11	3	1	5	1	1	2	3	5	18	13	7	8	11	10	5	6	1	3	7	7	21	7	1	2	1	1	2	2	8	6	5	7	4	4	3	3	1	4	5	11	7]					!q



