# id x y
377 0.367853 1.13711
378 0.380901 1.61246
379 0.241714 1.38318
392 0.0236122 1.90326
393 0.628829 1.68143
380 0.920253 1.76283
381 1.221 1.83678
394 0.196354 2.20898
397 0.444282 2.08533
382 0.945729 2.14187
362 1.21106 2.13814
363 0.753725 1.33595
364 0.981148 1.35335
365 1.24834 1.39995
366 0.805299 1.55467
383 1.11226 1.62178
384 1.33968 1.54908
367 1.32477 1.06006
368 1.59506 0.886699
369 1.58201 1.43724
370 1.75289 1.29246
385 0.372824 0.9507
395 0.928952 1.00725
386 0.421291 0.275268
387 0.328706 0.557993
371 1.05198 0.338027
388 0.957535 0.617645
372 1.25393 0.728249
373 1.99771 0.223694
374 1.56462 0.576634
389 1.55157 0.270297
375 1.8461 0.507662
376 1.90016 0.933302
396 2.06544 0.783551
390 2.02692 1.23964
391 2.19717 1.12593
0 0.933923 2.27795
1 0.933302 2.2792
2 0 1.54535
3 0.026719 2.20525
4 2.0729 0.0223694
5 1.95857 0.0646228
6 1.33098 0.196975
7 1.94862 1.42294
8 1.77029 1.51366
9 1.93433 1.39871
10 1.78396 1.53417
11 1.96851 1.41052
12 1.9536 1.38815
13 1.54784 0.901612
14 1.50434 0.836368
15 1.4857 0.77423
16 1.5932 0.956293
17 1.51677 0.822698
18 1.55219 0.875514
19 1.6137 0.976798
20 1.46768 0.774852
21 1.48757 0.809027
22 1.60563 0.944487
23 1.62613 0.966235
24 1.65534 0.986119
25 1.68268 1.02154
26 1.37696 0.620751
27 1.37199 0.6338
28 1.3664 0.625722
29 1.77153 1.54287
30 1.75973 1.52361
31 0.83761 0.67916
32 0.788522 0.38028
33 0.219966 1.53603
34 0.0969341 1.59444
35 0.170256 1.6311
36 0.227422 1.47203
37 0.597139 1.28624
38 0.252277 1.25642
39 0.458573 1.49875
40 0.87365 0.390843
41 0.993575 0.699666
42 0.567313 1.51304
43 0.23985 1.66776
44 0.577255 1.45836
45 0.258491 1.67833
46 0.666733 0.720792
47 0.735084 0.835746
48 0.653684 0.824562
49 0.533759 0.789765
50 0.531274 0.809649
51 0.645606 0.886699
52 0.919632 0.835746
53 0.917146 0.856873
54 0.65617 0.804678
55 0.735705 0.813377
56 0.452981 0.780444
57 0.813998 0.846931
58 0.817105 0.823319
59 0.639393 0.933302
60 0.663005 0.76056
61 0.7966 0.965613
62 0.680403 0.597761
63 0.674811 0.661141
64 2.25869 0.073322
65 0.786658 1.03024
66 2.33077 0.185169
67 0.97307 0.845067
68 0.976177 0.823319
69 0.755589 0.669218
70 0.518846 0.870543
71 0.512633 0.916525
72 0.969341 0.862465
73 2.11515 0.309444
74 2.02816 0.34424
75 2.00641 0.195111
76 1.96727 0.0913418
77 1.99212 0.201325
78 2.07787 0.0478457
79 2.12012 0.146644
80 2.31026 0.197597
81 2.1748 0.282103
82 2.01573 0.314415
83 1.97845 0.224937
84 1.9623 0.213131
85 1.73239 0.214374
86 1.80695 0.160936
87 1.91321 0.17212
88 1.89332 0.121168
89 1.94925 0.218723
90 1.93495 0.225558
91 1.85542 0.523817
92 1.82684 0.425019
93 1.76656 0.441175
94 1.75103 1.4857
95 1.83119 0.149751
96 1.86971 0.407621
97 2.24067 0.994196
98 2.33015 0.240471
99 2.35376 0.269676
100 2.34755 0.230529
101 0.797843 0.304473
102 0.789765 0.369095
103 1.05074 0.401407
104 1.27133 1.24647
105 1.12966 0.283967
106 0.734463 0.17647
107 1.05696 0.337405
108 1.16259 1.20795
109 1.17253 0.34859
110 2.08719 0.62448
111 2.13566 0.615159
112 2.09589 0.63815
113 1.89581 0.735705
114 1.88587 0.741919
115 1.88524 0.678539
116 1.89643 0.745647
117 2.1922 1.28562
118 2.1021 1.32974
119 2.13007 1.29618
120 2.09154 1.31545
121 1.8287 1.19552
122 1.87903 1.27692
123 1.92004 1.34465
124 2.05923 1.05447
125 1.74295 1.06068
126 1.56337 0.776095
127 1.64974 0.851281
128 1.82559 0.981769
129 1.64726 0.690966
130 1.64664 0.753725
131 1.79825 1.18558
132 1.7473 1.09921
133 1.76159 0.751861
134 1.56772 0.77423
135 1.70132 0.911554
136 1.71437 0.879864
137 1.73052 0.833882
138 1.86288 0.904097
139 1.8113 1.20671
140 1.87282 0.872407
141 1.88587 0.751861
142 1.88214 0.80592
143 1.76905 1.09797
144 1.75786 1.08181
145 1.80757 1.04266
146 2.04556 1.0613
147 2.05239 1.07684
148 1.81689 1.17439
149 2.08595 1.06068
150 1.77526 1.05633
151 1.86225 1.17502
152 1.85045 1.157
153 1.79266 1.03148
154 1.88152 0.913418
155 1.89519 0.807785
156 1.61681 1.6224
157 1.52298 1.6485
158 1.82062 0.74689
159 1.42294 0.927709
160 1.52982 1.61868
161 1.51926 1.63856
162 1.6106 1.61246
163 1.54349 1.63172
164 1.61743 0.544323
165 1.477 0.8693
166 1.5031 0.486535
167 1.51677 1.65037
168 1.73363 0.44366
169 1.68765 0.473486
170 1.87592 0.605838
171 1.89643 1.33782
172 1.86412 1.28686
173 1.56275 0.392086
174 1.71499 0.444903
175 1.90886 1.35397
176 1.64291 0.296395
177 1.65409 0.411349
178 1.59071 0.352318
179 1.88711 1.30613
180 1.28686 1.94055
181 1.3229 2.00517
182 1.29991 2.01884
183 1.24523 2.00703
184 1.22721 1.97907
185 1.33782 1.68703
186 1.32974 1.03645
187 1.41362 1.66776
188 1.73487 1.07932
189 1.26636 1.45588
190 0.997303 0.405756
191 1.18931 1.65223
192 0.282103 1.692
193 1.38193 1.37945
194 1.25269 1.5205
195 1.24834 1.36143
196 1.50372 1.65347
197 1.23342 1.27257
198 1.45339 1.66963
199 1.41673 1.68019
200 1.51553 1.19366
201 1.35149 1.76221
202 1.33719 1.70008
203 0.493991 1.79142
204 0.257248 1.21106
205 0.396436 1.74544
206 0.202568 1.6485
207 0.674811 1.83429
208 0.212509 1.58326
209 0.259112 1.19117
210 0.272161 1.90202
211 0.614538 1.14022
212 0.766774 1.16818
213 0.766774 1.17626
214 0.305094 1.58326
215 0.630072 1.01159
216 0.815862 1.36764
217 0.845067 1.46644
218 0.68786 1.41797
219 0.786037 1.27319
220 0.600867 1.25704
221 0.918389 1.33098
222 0.981769 1.30613
223 1.01657 1.29246
224 1.0613 1.28873
225 1.05447 1.27009
226 1.21913 1.29432
227 1.24461 1.13028
228 1.19241 1.28562
229 0.110604 1.79701
230 0.0932059 2.12447
231 0.193247 1.99958
232 0.175227 1.83802
233 0.494613 1.62054
234 1.20111 0.429369
235 0.802814 1.32849
236 0.464787 1.65844
237 1.04826 0.41197
238 1.28997 0.710229
239 1.06068 0.717064
240 1.29308 0.518846
241 1.03894 0.871165
242 1.2297 0.790386
243 1.04515 0.712093
244 1.09362 0.866194
245 1.19552 0.438068
246 1.16507 0.76056
247 1.17004 0.909068
248 1.14146 1.6951
249 1.16632 1.69697
250 1.00662 1.67646
251 1.16321 1.70318
252 1.08927 1.84175
253 1.0582 1.90326
254 1.01097 1.63297
255 0.930195 1.6485
256 1.27009 1.18993
257 1.48694 1.18496
258 1.31793 1.04701
259 1.52423 1.31607
260 1.44842 1.35086
261 1.53665 1.21292
262 1.66279 1.28065
263 1.60501 1.30613
264 1.62116 1.30302
265 1.76346 1.21106
266 1.19552 2.19345
267 1.25207 2.21954
268 1.07995 2.07725
269 1.11288 2.12509
270 1.27879 2.22514
271 1.14333 2.16983
272 1.30737 2.35997
273 1.20857 2.31213
274 1.349 2.23508
275 1.02154 2.06109
276 1.10107 2.26055
277 0.710229 0.358532
278 0.60646 0.344862
279 0.644985 0.290181
280 0.286453 0.979905
281 0.731356 0.19449
282 0.718307 0.293909
283 0.704015 0.418184
284 0.577877 0.40265
285 0.187033 0.211888
286 0.32125 0.765531
287 0.154722 0.377795
288 0.148508 0.297638
289 0.690966 0.230529
290 0.34859 0.680403
291 0.319386 0.677296
292 0.254141 0.119925
293 0.264705 0.121168
294 0.471001 0.327463
295 0.43434 0.431854
296 0.223694 0.175227
297 0.534381 0.152858
298 0.182062 0.649335
299 0.216859 0.169635
300 0.159071 0.417562
301 0.161557 0.747511
302 0.68786 0.535623
303 0.564828 0.521953
304 0.571663 0.464165
305 0.57042 0.467894
306 0.550536 0.646228
307 0.544323 0.704637
308 0.400785 0.774852
309 0.474107 0.696559
310 0.558614 0.58409
311 1.41611 0.579741
312 1.42605 0.569799
313 1.63856 0
314 1.3229 0.568556
315 0.749997 1.57767
316 0.792872 1.5932
317 0.605217 1.82249
318 0.5611 1.81379
319 0.550536 1.81068
320 0.776095 1.85355
321 1.63235 1.31607
322 1.57642 1.45028
323 1.53106 1.33968
324 1.57829 1.4565
325 1.76035 1.2415
326 1.54287 1.58699
327 1.56772 1.51801
328 1.71312 1.45463
329 1.6137 1.31793
330 1.77588 1.23094
331 1.74047 1.49254
332 1.74606 1.50062
333 1.54722 1.31793
334 1.69883 1.41114
335 0.952564 2.24253
336 0.968099 2.21209
337 1.01035 1.89519
338 0.974312 2.19904
339 0.855009 1.86909
340 0.936409 1.88773
341 0.163421 0.966856
342 0.292045 0.93703
343 0.159693 0.758075
344 0.3169 0.78293
345 0.162178 0.863087
346 0.301366 0.885456
347 0.397679 0.794736
348 0.435582 0.905961
349 2.23446 0.996682
350 2.2009 1.26449
351 2.23197 1.26077
352 2.099 1.05385
353 0.0379037 2.19469
354 0.134838 0.297016
355 2.1922 0.0360396
356 1.70753 1.02713
357 1.70008 1.03521
358 2.09527 0.503312
359 2.09838 0.51139
360 0.766153 1.2123
361 1.47327 0.520089
