# id node_number1 node_number2 length capacity type alpha beta gamma
#   where type is 0 for artificial and 1 for a real link
19618 362 266 0.000000 999999.000000 0
19619 266 362 0.000000 999999.000000 0
19620 363 235 0.000000 999999.000000 0
19621 235 363 0.000000 999999.000000 0
19622 364 222 0.000000 999999.000000 0
19623 222 364 0.000000 999999.000000 0
19624 365 189 0.000000 999999.000000 0
19625 189 365 0.000000 999999.000000 0
19626 365 195 0.000000 999999.000000 0
19627 195 365 0.000000 999999.000000 0
19628 366 315 0.000000 999999.000000 0
19629 315 366 0.000000 999999.000000 0
19630 366 316 0.000000 999999.000000 0
19631 316 366 0.000000 999999.000000 0
19632 367 186 0.000000 999999.000000 0
19633 186 367 0.000000 999999.000000 0
19634 367 258 0.000000 999999.000000 0
19635 258 367 0.000000 999999.000000 0
19636 368 13 0.000000 999999.000000 0
19637 13 368 0.000000 999999.000000 0
19638 368 18 0.000000 999999.000000 0
19639 18 368 0.000000 999999.000000 0
19640 368 22 0.000000 999999.000000 0
19641 22 368 0.000000 999999.000000 0
19642 369 322 0.000000 999999.000000 0
19643 322 369 0.000000 999999.000000 0
19644 369 324 0.000000 999999.000000 0
19645 324 369 0.000000 999999.000000 0
19646 370 325 0.000000 999999.000000 0
19647 325 370 0.000000 999999.000000 0
19648 371 107 0.000000 999999.000000 0
19649 107 371 0.000000 999999.000000 0
19650 372 238 0.000000 999999.000000 0
19651 238 372 0.000000 999999.000000 0
19652 373 75 0.000000 999999.000000 0
19653 75 373 0.000000 999999.000000 0
19654 373 77 0.000000 999999.000000 0
19655 77 373 0.000000 999999.000000 0
19656 373 83 0.000000 999999.000000 0
19657 83 373 0.000000 999999.000000 0
19658 373 84 0.000000 999999.000000 0
19659 84 373 0.000000 999999.000000 0
19660 374 164 0.000000 999999.000000 0
19661 164 374 0.000000 999999.000000 0
19662 375 91 0.000000 999999.000000 0
19663 91 375 0.000000 999999.000000 0
19664 376 138 0.000000 999999.000000 0
19665 138 376 0.000000 999999.000000 0
19666 376 154 0.000000 999999.000000 0
19667 154 376 0.000000 999999.000000 0
19668 377 209 0.000000 999999.000000 0
19669 209 377 0.000000 999999.000000 0
19670 378 214 0.000000 999999.000000 0
19671 214 378 0.000000 999999.000000 0
19672 378 233 0.000000 999999.000000 0
19673 233 378 0.000000 999999.000000 0
19674 378 236 0.000000 999999.000000 0
19675 236 378 0.000000 999999.000000 0
19676 379 36 0.000000 999999.000000 0
19677 36 379 0.000000 999999.000000 0
19678 380 250 0.000000 999999.000000 0
19679 250 380 0.000000 999999.000000 0
19680 380 255 0.000000 999999.000000 0
19681 255 380 0.000000 999999.000000 0
19682 381 180 0.000000 999999.000000 0
19683 180 381 0.000000 999999.000000 0
19684 382 275 0.000000 999999.000000 0
19685 275 382 0.000000 999999.000000 0
19686 382 335 0.000000 999999.000000 0
19687 335 382 0.000000 999999.000000 0
19688 382 336 0.000000 999999.000000 0
19689 336 382 0.000000 999999.000000 0
19690 382 338 0.000000 999999.000000 0
19691 338 382 0.000000 999999.000000 0
19692 362 267 0.000000 999999.000000 0
19693 267 362 0.000000 999999.000000 0
19694 362 269 0.000000 999999.000000 0
19695 269 362 0.000000 999999.000000 0
19696 362 270 0.000000 999999.000000 0
19697 270 362 0.000000 999999.000000 0
19698 363 216 0.000000 999999.000000 0
19699 216 363 0.000000 999999.000000 0
19700 363 218 0.000000 999999.000000 0
19701 218 363 0.000000 999999.000000 0
19702 363 219 0.000000 999999.000000 0
19703 219 363 0.000000 999999.000000 0
19704 364 221 0.000000 999999.000000 0
19705 221 364 0.000000 999999.000000 0
19706 364 223 0.000000 999999.000000 0
19707 223 364 0.000000 999999.000000 0
19708 364 224 0.000000 999999.000000 0
19709 224 364 0.000000 999999.000000 0
19710 365 194 0.000000 999999.000000 0
19711 194 365 0.000000 999999.000000 0
19712 365 226 0.000000 999999.000000 0
19713 226 365 0.000000 999999.000000 0
19714 366 217 0.000000 999999.000000 0
19715 217 366 0.000000 999999.000000 0
19716 383 191 0.000000 999999.000000 0
19717 191 383 0.000000 999999.000000 0
19718 383 248 0.000000 999999.000000 0
19719 248 383 0.000000 999999.000000 0
19720 383 249 0.000000 999999.000000 0
19721 249 383 0.000000 999999.000000 0
19722 383 250 0.000000 999999.000000 0
19723 250 383 0.000000 999999.000000 0
19724 384 189 0.000000 999999.000000 0
19725 189 384 0.000000 999999.000000 0
19726 384 194 0.000000 999999.000000 0
19727 194 384 0.000000 999999.000000 0
19728 367 227 0.000000 999999.000000 0
19729 227 367 0.000000 999999.000000 0
19730 368 14 0.000000 999999.000000 0
19731 14 368 0.000000 999999.000000 0
19732 369 323 0.000000 999999.000000 0
19733 323 369 0.000000 999999.000000 0
19734 369 327 0.000000 999999.000000 0
19735 327 369 0.000000 999999.000000 0
19736 370 121 0.000000 999999.000000 0
19737 121 370 0.000000 999999.000000 0
19738 370 131 0.000000 999999.000000 0
19739 131 370 0.000000 999999.000000 0
19740 370 139 0.000000 999999.000000 0
19741 139 370 0.000000 999999.000000 0
19742 385 280 0.000000 999999.000000 0
19743 280 385 0.000000 999999.000000 0
19744 385 342 0.000000 999999.000000 0
19745 342 385 0.000000 999999.000000 0
19746 385 346 0.000000 999999.000000 0
19747 346 385 0.000000 999999.000000 0
19748 385 348 0.000000 999999.000000 0
19749 348 385 0.000000 999999.000000 0
19750 386 294 0.000000 999999.000000 0
19751 294 386 0.000000 999999.000000 0
19752 387 290 0.000000 999999.000000 0
19753 290 387 0.000000 999999.000000 0
19754 387 291 0.000000 999999.000000 0
19755 291 387 0.000000 999999.000000 0
19756 371 103 0.000000 999999.000000 0
19757 103 371 0.000000 999999.000000 0
19758 371 105 0.000000 999999.000000 0
19759 105 371 0.000000 999999.000000 0
19760 371 109 0.000000 999999.000000 0
19761 109 371 0.000000 999999.000000 0
19762 388 41 0.000000 999999.000000 0
19763 41 388 0.000000 999999.000000 0
19764 372 242 0.000000 999999.000000 0
19765 242 372 0.000000 999999.000000 0
19766 372 246 0.000000 999999.000000 0
19767 246 372 0.000000 999999.000000 0
19768 374 166 0.000000 999999.000000 0
19769 166 374 0.000000 999999.000000 0
19770 374 361 0.000000 999999.000000 0
19771 361 374 0.000000 999999.000000 0
19772 389 173 0.000000 999999.000000 0
19773 173 389 0.000000 999999.000000 0
19774 389 176 0.000000 999999.000000 0
19775 176 389 0.000000 999999.000000 0
19776 389 178 0.000000 999999.000000 0
19777 178 389 0.000000 999999.000000 0
19778 375 92 0.000000 999999.000000 0
19779 92 375 0.000000 999999.000000 0
19780 375 93 0.000000 999999.000000 0
19781 93 375 0.000000 999999.000000 0
19782 375 96 0.000000 999999.000000 0
19783 96 375 0.000000 999999.000000 0
19784 376 128 0.000000 999999.000000 0
19785 128 376 0.000000 999999.000000 0
19786 376 140 0.000000 999999.000000 0
19787 140 376 0.000000 999999.000000 0
19788 390 118 0.000000 999999.000000 0
19789 118 390 0.000000 999999.000000 0
19790 390 119 0.000000 999999.000000 0
19791 119 390 0.000000 999999.000000 0
19792 390 120 0.000000 999999.000000 0
19793 120 390 0.000000 999999.000000 0
19794 391 352 0.000000 999999.000000 0
19795 352 391 0.000000 999999.000000 0
19796 377 38 0.000000 999999.000000 0
19797 38 377 0.000000 999999.000000 0
19798 377 204 0.000000 999999.000000 0
19799 204 377 0.000000 999999.000000 0
19800 377 280 0.000000 999999.000000 0
19801 280 377 0.000000 999999.000000 0
19802 378 33 0.000000 999999.000000 0
19803 33 378 0.000000 999999.000000 0
19804 379 33 0.000000 999999.000000 0
19805 33 379 0.000000 999999.000000 0
19806 379 38 0.000000 999999.000000 0
19807 38 379 0.000000 999999.000000 0
19808 379 204 0.000000 999999.000000 0
19809 204 379 0.000000 999999.000000 0
19810 392 229 0.000000 999999.000000 0
19811 229 392 0.000000 999999.000000 0
19812 392 232 0.000000 999999.000000 0
19813 232 392 0.000000 999999.000000 0
19814 393 42 0.000000 999999.000000 0
19815 42 393 0.000000 999999.000000 0
19816 393 203 0.000000 999999.000000 0
19817 203 393 0.000000 999999.000000 0
19818 393 207 0.000000 999999.000000 0
19819 207 393 0.000000 999999.000000 0
19820 393 233 0.000000 999999.000000 0
19821 233 393 0.000000 999999.000000 0
19822 380 254 0.000000 999999.000000 0
19823 254 380 0.000000 999999.000000 0
19824 380 320 0.000000 999999.000000 0
19825 320 380 0.000000 999999.000000 0
19826 381 183 0.000000 999999.000000 0
19827 183 381 0.000000 999999.000000 0
19828 381 184 0.000000 999999.000000 0
19829 184 381 0.000000 999999.000000 0
19830 381 201 0.000000 999999.000000 0
19831 201 381 0.000000 999999.000000 0
19832 394 3 0.000000 999999.000000 0
19833 3 394 0.000000 999999.000000 0
19834 394 230 0.000000 999999.000000 0
19835 230 394 0.000000 999999.000000 0
19836 394 353 0.000000 999999.000000 0
19837 353 394 0.000000 999999.000000 0
19838 366 218 0.000000 999999.000000 0
19839 218 366 0.000000 999999.000000 0
19840 384 185 0.000000 999999.000000 0
19841 185 384 0.000000 999999.000000 0
19842 384 187 0.000000 999999.000000 0
19843 187 384 0.000000 999999.000000 0
19844 367 159 0.000000 999999.000000 0
19845 159 367 0.000000 999999.000000 0
19846 395 52 0.000000 999999.000000 0
19847 52 395 0.000000 999999.000000 0
19848 395 53 0.000000 999999.000000 0
19849 53 395 0.000000 999999.000000 0
19850 395 61 0.000000 999999.000000 0
19851 61 395 0.000000 999999.000000 0
19852 395 65 0.000000 999999.000000 0
19853 65 395 0.000000 999999.000000 0
19854 386 295 0.000000 999999.000000 0
19855 295 386 0.000000 999999.000000 0
19856 386 297 0.000000 999999.000000 0
19857 297 386 0.000000 999999.000000 0
19858 387 295 0.000000 999999.000000 0
19859 295 387 0.000000 999999.000000 0
19860 387 298 0.000000 999999.000000 0
19861 298 387 0.000000 999999.000000 0
19862 388 31 0.000000 999999.000000 0
19863 31 388 0.000000 999999.000000 0
19864 388 239 0.000000 999999.000000 0
19865 239 388 0.000000 999999.000000 0
19866 388 243 0.000000 999999.000000 0
19867 243 388 0.000000 999999.000000 0
19868 372 26 0.000000 999999.000000 0
19869 26 372 0.000000 999999.000000 0
19870 374 129 0.000000 999999.000000 0
19871 129 374 0.000000 999999.000000 0
19872 389 177 0.000000 999999.000000 0
19873 177 389 0.000000 999999.000000 0
19874 396 110 0.000000 999999.000000 0
19875 110 396 0.000000 999999.000000 0
19876 396 111 0.000000 999999.000000 0
19877 111 396 0.000000 999999.000000 0
19878 396 112 0.000000 999999.000000 0
19879 112 396 0.000000 999999.000000 0
19880 396 113 0.000000 999999.000000 0
19881 113 396 0.000000 999999.000000 0
19882 390 9 0.000000 999999.000000 0
19883 9 390 0.000000 999999.000000 0
19884 391 97 0.000000 999999.000000 0
19885 97 391 0.000000 999999.000000 0
19886 391 117 0.000000 999999.000000 0
19887 117 391 0.000000 999999.000000 0
19888 391 119 0.000000 999999.000000 0
19889 119 391 0.000000 999999.000000 0
19890 392 230 0.000000 999999.000000 0
19891 230 392 0.000000 999999.000000 0
19892 392 231 0.000000 999999.000000 0
19893 231 392 0.000000 999999.000000 0
19894 394 231 0.000000 999999.000000 0
19895 231 394 0.000000 999999.000000 0
19896 386 278 0.000000 999999.000000 0
19897 278 386 0.000000 999999.000000 0
19898 397 203 0.000000 999999.000000 0
19899 203 397 0.000000 999999.000000 0
19900 397 210 0.000000 999999.000000 0
19901 210 397 0.000000 999999.000000 0
19902 397 231 0.000000 999999.000000 0
19903 231 397 0.000000 999999.000000 0
19904 397 317 0.000000 999999.000000 0
19905 317 397 0.000000 999999.000000 0
3415 340 250 358.000000 600.000000 1 18.666667 18.666667 601.000000 
3416 207 339 293.000000 900.000000 1 9.333333 9.333334 901.000000 
3418 337 253 78.000000 900.000000 1 9.333333 9.333334 901.000000 
3419 253 340 197.000000 900.000000 1 8.666667 8.666666 901.000000 
3420 340 320 262.000000 900.000000 1 9.333333 9.333334 901.000000 
3421 339 340 134.000000 900.000000 1 4.000000 4.000000 901.000000 
3422 338 336 23.000000 2400.000000 1 1.333333 1.333333 2401.000000 
3423 340 337 119.000000 900.000000 1 5.666667 5.666666 901.000000 
3424 275 253 261.000000 2400.000000 1 16.000000 16.000000 2401.000000 
3425 253 275 261.000000 2400.000000 1 10.666667 10.666666 2401.000000 
3426 320 207 165.000000 900.000000 1 8.333333 8.333334 901.000000 
3427 0 1 1.000000 2400.000000 1 0.333333 0.333334 2401.000000 
3428 338 273 417.000000 600.000000 1 10.333333 10.333334 601.000000 
3429 276 338 226.000000 600.000000 1 5.666667 5.666666 601.000000 
3430 0 338 142.000000 2400.000000 1 4.666667 4.666666 2401.000000 
3431 335 0 64.000000 2400.000000 1 2.666667 2.666666 2401.000000 
3432 338 275 234.000000 2400.000000 1 8.333333 8.333334 2401.000000 
3433 275 338 234.000000 2400.000000 1 8.000000 8.000000 2401.000000 
3434 336 335 55.000000 2400.000000 1 2.000000 2.000000 2401.000000 
3447 265 330 37.000000 2400.000000 1 0.666667 0.666667 2401.000000 
3448 330 265 37.000000 2400.000000 1 0.666667 0.666667 2401.000000 
3449 330 325 29.000000 2400.000000 1 1.000000 1.000000 2401.000000 
3450 334 94 145.000000 2400.000000 1 11.333333 11.333334 2401.000000 
3451 321 334 184.000000 2400.000000 1 5.000000 5.000000 2401.000000 
3452 333 259 37.000000 900.000000 1 2.000000 2.000000 901.000000 
3453 259 323 39.000000 900.000000 1 1.000000 1.000000 901.000000 
3454 332 331 15.000000 2400.000000 1 1.000000 1.000000 2401.000000 
3455 30 332 43.000000 2800.000000 1 1.000000 1.000000 2801.000000 
3456 94 331 22.000000 2400.000000 1 1.000000 1.000000 2401.000000 
3457 325 321 239.000000 2400.000000 1 8.000000 8.000000 2401.000000 
3458 327 322 111.000000 900.000000 1 4.000000 4.000000 901.000000 
3459 324 160 274.000000 900.000000 1 18.333333 18.333333 901.000000 
3460 329 263 23.000000 2800.000000 1 1.666667 1.666667 2801.000000 
3461 329 333 107.000000 2800.000000 1 4.333333 4.333334 2801.000000 
3462 333 323 44.000000 900.000000 1 2.333333 2.333334 901.000000 
3463 328 329 220.000000 2400.000000 1 17.000000 17.000000 2401.000000 
3464 331 328 75.000000 2400.000000 1 2.000000 2.000000 2401.000000 
3465 139 330 69.000000 2800.000000 1 1.666667 1.666667 2801.000000 
3466 321 329 30.000000 2800.000000 1 1.666667 1.666667 2801.000000 
3467 322 324 10.000000 900.000000 1 0.333333 0.333334 901.000000 
3468 259 260 134.000000 900.000000 1 5.666667 5.666666 901.000000 
3469 326 327 118.000000 900.000000 1 4.000000 4.000000 901.000000 
3470 259 263 131.000000 2800.000000 1 14.666667 14.666666 2801.000000 
3471 322 259 231.000000 900.000000 1 15.666667 15.666666 901.000000 
3472 323 322 192.000000 900.000000 1 7.666667 7.666666 901.000000 
3473 264 321 28.000000 2800.000000 1 1.000000 1.000000 2801.000000 
3476 318 319 17.000000 900.000000 1 0.666667 0.666667 901.000000 
3477 318 317 72.000000 900.000000 1 3.000000 3.000000 901.000000 
3478 317 318 72.000000 900.000000 1 2.333333 2.333334 901.000000 
3479 235 216 66.000000 900.000000 1 6.000000 6.000000 901.000000 
3480 216 235 66.000000 900.000000 1 2.666667 2.666666 901.000000 
3481 241 72 113.000000 2400.000000 1 3.333333 3.333334 2401.000000 
3482 203 318 113.000000 900.000000 1 3.333333 3.333334 901.000000 
3483 319 205 269.000000 900.000000 1 26.000000 26.000000 901.000000 
3484 316 217 219.000000 900.000000 1 11.333333 11.333334 901.000000 
3485 316 255 236.000000 2400.000000 1 8.666667 8.666666 2401.000000 
3486 44 218 188.000000 900.000000 1 6.666667 6.666666 901.000000 
3487 317 207 113.000000 900.000000 1 14.333333 14.333334 901.000000 
3488 207 317 113.000000 900.000000 1 3.000000 3.000000 901.000000 
3489 315 316 74.000000 2400.000000 1 6.000000 6.000000 2401.000000 
3490 316 42 384.000000 2400.000000 1 19.333333 19.333333 2401.000000 
3491 314 245 293.000000 2800.000000 1 8.333333 8.333334 2801.000000 
3492 26 311 90.000000 900.000000 1 2.666667 2.666666 901.000000 
3493 85 313 374.000000 2400.000000 1 10.666667 10.666666 2401.000000 
3494 28 26 19.000000 2800.000000 1 1.333333 1.333333 2801.000000 
3495 166 361 71.000000 900.000000 1 2.333333 2.333334 901.000000 
3496 361 26 222.000000 900.000000 1 7.000000 7.000000 901.000000 
3497 312 166 180.000000 900.000000 1 7.000000 7.000000 901.000000 
3498 28 314 115.000000 2800.000000 1 3.333333 3.333334 2801.000000 
3499 311 312 23.000000 900.000000 1 0.666667 0.666667 901.000000 
3501 240 26 211.000000 2800.000000 1 10.000000 10.000000 2801.000000 
3537 347 344 130.000000 2400.000000 1 10.000000 10.000000 2401.000000 
3539 343 345 175.000000 900.000000 1 12.666667 12.666666 901.000000 
3540 345 343 175.000000 900.000000 1 8.666667 8.666666 901.000000 
3542 310 306 100.000000 600.000000 1 5.666667 5.666666 601.000000 
3543 306 303 100.000000 600.000000 1 8.333333 8.333334 601.000000 
3544 346 345 226.000000 900.000000 1 14.000000 14.000000 901.000000 
3547 280 346 153.000000 900.000000 1 3.666667 3.666666 901.000000 
3548 342 209 400.000000 900.000000 1 10.333333 10.333334 901.000000 
3549 302 62 100.000000 2400.000000 1 5.666667 5.666666 2401.000000 
3552 308 347 32.000000 2400.000000 1 0.666667 0.666667 2401.000000 
3553 347 308 32.000000 2400.000000 1 2.333333 2.333334 2401.000000 
3554 341 345 166.000000 600.000000 1 4.000000 4.000000 601.000000 
3557 306 307 94.000000 600.000000 1 14.333333 14.333334 601.000000 
3558 307 306 94.000000 600.000000 1 4.000000 4.000000 601.000000 
3561 290 309 203.000000 600.000000 1 7.333333 7.333334 601.000000 
3562 308 56 84.000000 2400.000000 1 3.666667 3.666666 2401.000000 
3563 46 307 198.000000 600.000000 1 15.333333 15.333334 601.000000 
3564 307 46 198.000000 600.000000 1 11.333333 11.333334 601.000000 
3565 63 306 201.000000 600.000000 1 9.000000 9.000000 601.000000 
3566 306 63 201.000000 600.000000 1 10.000000 10.000000 601.000000 
3567 301 343 16.000000 900.000000 1 2.000000 2.000000 901.000000 
3568 343 301 16.000000 900.000000 1 0.666667 0.666667 901.000000 
3569 286 344 29.000000 2400.000000 1 1.000000 1.000000 2401.000000 
3570 344 286 29.000000 2400.000000 1 1.333333 1.333333 2401.000000 
3571 284 304 98.000000 600.000000 1 4.666667 4.666666 601.000000 
3572 304 278 201.000000 600.000000 1 17.666667 17.666667 601.000000 
3573 309 307 114.000000 600.000000 1 8.333333 8.333334 601.000000 
3574 286 308 128.000000 2400.000000 1 3.333333 3.333334 2401.000000 
3575 307 49 137.000000 600.000000 1 8.333333 8.333334 601.000000 
3576 49 307 137.000000 600.000000 1 15.333333 15.333334 601.000000 
3577 71 348 124.000000 600.000000 1 3.666667 3.666666 601.000000 
3578 344 346 165.000000 900.000000 1 4.000000 4.000000 901.000000 
3579 346 344 165.000000 900.000000 1 4.000000 4.000000 901.000000 
3580 348 346 219.000000 600.000000 1 7.333333 7.333334 601.000000 
3581 305 310 187.000000 600.000000 1 6.666667 6.666666 601.000000 
3582 303 305 87.000000 600.000000 1 3.666667 3.666666 601.000000 
3583 346 342 85.000000 900.000000 1 2.000000 2.000000 901.000000 
3584 304 305 6.000000 600.000000 1 0.333333 0.333334 601.000000 
3585 305 304 6.000000 600.000000 1 0.333333 0.333334 601.000000 
3737 293 297 436.000000 900.000000 1 11.000000 11.000000 901.000000 
3738 297 293 436.000000 900.000000 1 11.000000 11.000000 901.000000 
3739 285 299 83.000000 900.000000 1 2.666667 2.666666 901.000000 
3740 300 298 374.000000 900.000000 1 13.333333 13.333334 901.000000 
3741 298 300 374.000000 900.000000 1 18.666667 18.666667 901.000000 
3742 288 294 520.000000 2800.000000 1 25.000000 25.000000 2801.000000 
3749 288 287 129.000000 2800.000000 1 8.000000 8.000000 2801.000000 
3750 299 292 99.000000 900.000000 1 4.000000 4.000000 901.000000 
3752 294 288 520.000000 2800.000000 1 41.000000 41.000000 2801.000000 
3753 297 106 324.000000 900.000000 1 13.000000 13.000000 901.000000 
3754 106 297 324.000000 900.000000 1 8.000000 8.000000 901.000000 
3756 298 301 170.000000 900.000000 1 13.666667 13.666666 901.000000 
3757 301 298 170.000000 900.000000 1 11.333333 11.333334 901.000000 
3758 278 294 219.000000 2800.000000 1 22.666667 22.666667 2801.000000 
3759 294 278 219.000000 2800.000000 1 11.333333 11.333334 2801.000000 
3760 294 297 298.000000 900.000000 1 13.333333 13.333334 901.000000 
3762 288 285 154.000000 900.000000 1 7.000000 7.000000 901.000000 
3764 293 296 109.000000 900.000000 1 4.666667 4.666666 901.000000 
3765 287 300 64.000000 2800.000000 1 2.333333 2.333334 2801.000000 
3766 279 289 121.000000 600.000000 1 3.000000 3.000000 601.000000 
3767 289 279 121.000000 600.000000 1 3.000000 3.000000 601.000000 
3769 289 281 86.000000 600.000000 1 2.000000 2.000000 601.000000 
3770 281 289 86.000000 600.000000 1 2.000000 2.000000 601.000000 
3773 299 296 14.000000 900.000000 1 0.333333 0.333334 901.000000 
3774 296 299 14.000000 900.000000 1 0.333333 0.333334 901.000000 
3775 298 290 279.000000 900.000000 1 18.000000 18.000000 901.000000 
3776 297 294 298.000000 900.000000 1 40.333333 40.333334 901.000000 
3778 296 288 236.000000 900.000000 1 16.666667 16.666667 901.000000 
3779 294 290 599.000000 2400.000000 1 28.666667 28.666667 2401.000000 
3780 295 294 177.000000 2400.000000 1 18.333333 18.333333 2401.000000 
3781 290 295 422.000000 2400.000000 1 15.666667 15.666666 2401.000000 
3783 292 293 17.000000 900.000000 1 0.333333 0.333334 901.000000 
3784 293 292 17.000000 900.000000 1 1.333333 1.333333 901.000000 
3785 290 291 47.000000 900.000000 1 1.333333 1.333333 901.000000 
3786 290 286 144.000000 2400.000000 1 12.333333 12.333334 2401.000000 
3787 286 290 144.000000 2400.000000 1 11.000000 11.000000 2401.000000 
3789 354 288 22.000000 2800.000000 1 3.000000 3.000000 2801.000000 
3790 283 302 190.000000 2400.000000 1 9.333333 9.333334 2401.000000 
3791 279 282 117.000000 600.000000 1 4.000000 4.000000 601.000000 
3792 282 101 128.000000 600.000000 1 6.000000 6.000000 601.000000 
3793 277 102 128.000000 2800.000000 1 4.333333 4.333334 2801.000000 
3794 278 284 103.000000 600.000000 1 4.000000 4.000000 601.000000 
3795 281 106 29.000000 2400.000000 1 0.666667 0.666667 2401.000000 
3796 106 281 29.000000 2400.000000 1 1.000000 1.000000 2401.000000 
3797 32 277 133.000000 2800.000000 1 8.000000 8.000000 2801.000000 
3798 282 277 104.000000 2400.000000 1 6.000000 6.000000 2401.000000 
3799 277 282 104.000000 2400.000000 1 2.666667 2.666666 2401.000000 
3801 277 283 96.000000 2400.000000 1 4.666667 4.666666 2401.000000 
3802 283 277 96.000000 2400.000000 1 5.000000 5.000000 2401.000000 
3804 281 282 161.000000 2400.000000 1 13.333333 13.333334 2401.000000 
3805 282 281 161.000000 2400.000000 1 4.000000 4.000000 2401.000000 
3806 279 278 107.000000 600.000000 1 2.666667 2.666666 601.000000 
3807 278 279 107.000000 600.000000 1 4.000000 4.000000 601.000000 
3808 277 278 168.000000 2800.000000 1 10.333333 10.333334 2801.000000 
3809 278 277 168.000000 2800.000000 1 8.333333 8.333334 2801.000000 
4095 184 253 300.000000 900.000000 1 21.333333 21.333333 901.000000 
4096 253 184 300.000000 900.000000 1 12.333333 12.333334 901.000000 
4098 273 276 191.000000 600.000000 1 4.666667 4.666666 601.000000 
4102 273 274 387.000000 600.000000 1 9.666667 9.666666 601.000000 
4103 272 273 176.000000 600.000000 1 4.333333 4.333334 601.000000 
4106 267 270 43.000000 600.000000 1 1.000000 1.000000 601.000000 
4107 270 274 114.000000 600.000000 1 3.000000 3.000000 601.000000 
4108 274 267 157.000000 600.000000 1 4.000000 4.000000 601.000000 
4109 268 275 97.000000 600.000000 1 2.333333 2.333334 601.000000 
4110 275 269 190.000000 600.000000 1 4.666667 4.666666 601.000000 
4119 274 272 211.000000 600.000000 1 5.333333 5.333334 601.000000 
4125 273 267 164.000000 600.000000 1 4.000000 4.000000 601.000000 
4129 271 268 180.000000 600.000000 1 4.666667 4.666666 601.000000 
4130 269 266 179.000000 600.000000 1 4.333333 4.333334 601.000000 
4133 267 273 164.000000 600.000000 1 4.000000 4.000000 601.000000 
4136 266 267 100.000000 600.000000 1 2.333333 2.333334 601.000000 
4137 267 271 192.000000 600.000000 1 4.666667 4.666666 601.000000 
4519 265 131 69.000000 2800.000000 1 4.666667 4.666666 2801.000000 
4520 262 265 196.000000 2400.000000 1 11.000000 11.000000 2401.000000 
4521 264 262 75.000000 2800.000000 1 2.333333 2.333334 2801.000000 
4522 256 227 105.000000 900.000000 1 7.666667 7.666666 901.000000 
4523 263 257 271.000000 2400.000000 1 10.666667 10.666666 2401.000000 
4524 104 256 104.000000 900.000000 1 5.333333 5.333334 901.000000 
4525 261 264 198.000000 2800.000000 1 10.000000 10.000000 2801.000000 
4526 256 104 104.000000 900.000000 1 5.333333 5.333334 901.000000 
4527 260 193 118.000000 900.000000 1 8.666667 8.666666 901.000000 
4528 193 259 252.000000 900.000000 1 16.000000 16.000000 901.000000 
4529 263 264 26.000000 2800.000000 1 2.000000 2.000000 2801.000000 
4530 200 261 45.000000 2400.000000 1 1.666667 1.666667 2401.000000 
4531 227 258 178.000000 900.000000 1 12.666667 12.666666 901.000000 
4532 258 256 283.000000 900.000000 1 10.000000 10.000000 901.000000 
4533 258 241 539.000000 2400.000000 1 24.333333 24.333333 2401.000000 
4534 257 258 351.000000 2800.000000 1 14.000000 14.000000 2801.000000 
4535 258 186 25.000000 2400.000000 1 1.000000 1.000000 2401.000000 
4536 186 258 25.000000 2400.000000 1 1.666667 1.666667 2401.000000 
4968 255 250 131.000000 2400.000000 1 4.666667 4.666666 2401.000000 
4969 250 316 367.000000 2400.000000 1 13.666667 13.666666 2401.000000 
4970 191 249 81.000000 2800.000000 1 14.666667 14.666666 2801.000000 
4971 249 191 81.000000 900.000000 1 2.666667 2.666666 901.000000 
4972 254 250 70.000000 600.000000 1 1.666667 1.666667 601.000000 
4974 253 252 111.000000 2400.000000 1 5.333333 5.333334 2401.000000 
4975 202 251 284.000000 2800.000000 1 23.000000 23.000000 2801.000000 
4976 251 253 363.000000 2400.000000 1 20.333333 20.333333 2401.000000 
4977 252 251 252.000000 2800.000000 1 23.000000 23.000000 2801.000000 
4978 251 248 37.000000 2400.000000 1 1.666667 1.666667 2401.000000 
4979 249 185 276.000000 2800.000000 1 8.666667 8.666666 2801.000000 
4980 249 251 12.000000 2800.000000 1 0.666667 0.666667 2801.000000 
4981 251 249 12.000000 2800.000000 1 0.666667 0.666667 2801.000000 
4982 250 248 218.000000 2800.000000 1 12.333333 12.333334 2801.000000 
4983 248 250 218.000000 2800.000000 1 9.000000 9.000000 2801.000000 
4984 202 201 102.000000 600.000000 1 3.666667 3.666666 601.000000 
4985 185 202 20.000000 600.000000 1 0.333333 0.333334 601.000000 
4986 202 185 20.000000 600.000000 1 0.333333 0.333334 601.000000 
4987 248 249 40.000000 2800.000000 1 7.000000 7.000000 2801.000000 
4988 27 242 339.000000 900.000000 1 8.666667 8.666666 901.000000 
4989 246 242 114.000000 900.000000 1 2.666667 2.666666 901.000000 
4990 242 239 294.000000 600.000000 1 7.000000 7.000000 601.000000 
4991 245 237 240.000000 2800.000000 1 14.333333 14.333334 2801.000000 
4992 247 186 328.000000 2400.000000 1 18.000000 18.000000 2401.000000 
4993 244 247 141.000000 2400.000000 1 7.666667 7.666666 2401.000000 
4994 234 245 16.000000 600.000000 1 0.333333 0.333334 601.000000 
4995 245 234 16.000000 600.000000 1 0.333333 0.333334 601.000000 
4996 41 243 85.000000 600.000000 1 2.666667 2.666666 601.000000 
4997 243 41 85.000000 600.000000 1 2.333333 2.333334 601.000000 
5001 242 238 162.000000 900.000000 1 4.333333 4.333334 901.000000 
5002 234 240 205.000000 2800.000000 1 5.666667 5.666666 2801.000000 
5003 243 246 205.000000 600.000000 1 5.333333 5.333334 601.000000 
5004 239 243 25.000000 600.000000 1 2.333333 2.333334 601.000000 
5005 67 244 196.000000 2400.000000 1 9.000000 9.000000 2401.000000 
5006 238 28 183.000000 2800.000000 1 19.000000 19.000000 2801.000000 
5007 237 190 82.000000 2800.000000 1 3.000000 3.000000 2801.000000 
5008 103 237 18.000000 600.000000 1 1.333333 1.333333 601.000000 
5009 237 103 18.000000 600.000000 1 0.666667 0.666667 601.000000 
5010 107 105 309.000000 600.000000 1 12.000000 12.000000 601.000000 
5011 109 103 289.000000 600.000000 1 16.666667 16.666667 601.000000 
5016 233 42 208.000000 2400.000000 1 24.000000 24.000000 2401.000000 
5017 42 236 285.000000 2400.000000 1 12.000000 12.000000 2401.000000 
5018 42 315 310.000000 2400.000000 1 10.000000 10.000000 2401.000000 
5021 205 233 255.000000 2400.000000 1 8.666667 8.666666 2401.000000 
5022 236 205 178.000000 2400.000000 1 21.000000 21.000000 2401.000000 
5024 219 235 93.000000 900.000000 1 8.333333 8.333334 901.000000 
5025 235 219 93.000000 900.000000 1 4.333333 4.333334 901.000000 
5026 103 234 247.000000 2800.000000 1 8.000000 8.000000 2801.000000 
5027 231 210 202.000000 2400.000000 1 7.333333 7.333334 2401.000000 
5028 210 230 459.000000 2400.000000 1 20.333333 20.333333 2401.000000 
5029 229 232 123.000000 600.000000 1 3.000000 3.000000 601.000000 
5030 3 353 24.000000 2400.000000 1 0.666667 0.666667 2401.000000 
5032 353 231 400.000000 2400.000000 1 12.666667 12.666666 2401.000000 
5033 230 3 167.000000 2400.000000 1 5.333333 5.333334 2401.000000 
5034 232 210 186.000000 600.000000 1 4.666667 4.666666 601.000000 
5035 210 232 186.000000 600.000000 1 4.666667 4.666666 601.000000 
5041 192 205 203.000000 900.000000 1 10.000000 10.000000 901.000000 
5042 205 192 203.000000 900.000000 1 5.666667 5.666666 901.000000 
5062 228 224 210.000000 600.000000 1 10.666667 10.666666 601.000000 
5063 226 195 118.000000 900.000000 1 7.666667 7.666666 901.000000 
5064 226 228 46.000000 600.000000 1 3.666667 3.666666 601.000000 
5065 189 195 154.000000 900.000000 1 9.000000 9.000000 901.000000 
5066 223 225 70.000000 600.000000 1 3.000000 3.000000 601.000000 
5069 221 222 109.000000 600.000000 1 4.000000 4.000000 601.000000 
5070 195 189 154.000000 900.000000 1 16.333333 16.333333 901.000000 
5071 197 226 41.000000 2800.000000 1 4.666667 4.666666 2801.000000 
5072 224 221 241.000000 600.000000 1 9.666667 9.666666 601.000000 
5073 216 221 174.000000 600.000000 1 6.000000 6.000000 601.000000 
5074 221 216 174.000000 600.000000 1 12.000000 12.000000 601.000000 
5075 225 108 261.000000 600.000000 1 6.666667 6.666666 601.000000 
5076 224 225 32.000000 600.000000 1 0.666667 0.666667 601.000000 
5077 225 224 32.000000 600.000000 1 0.666667 0.666667 601.000000 
5078 108 197 153.000000 600.000000 1 3.666667 3.666666 601.000000 
5079 195 226 118.000000 900.000000 1 9.666667 9.666666 901.000000 
5080 222 223 60.000000 600.000000 1 2.666667 2.666666 601.000000 
5124 215 211 208.000000 2400.000000 1 4.333333 4.333334 2401.000000 
5125 360 212 70.000000 900.000000 1 3.000000 3.000000 901.000000 
5126 213 360 57.000000 900.000000 1 2.333333 2.333334 901.000000 
5127 360 219 102.000000 900.000000 1 7.000000 7.000000 901.000000 
5128 219 360 102.000000 900.000000 1 3.666667 3.666666 901.000000 
5129 220 44 324.000000 2400.000000 1 6.666667 6.666666 2401.000000 
5130 37 59 568.000000 2400.000000 1 30.333333 30.333333 2401.000000 
5131 212 65 224.000000 900.000000 1 10.333333 10.333334 901.000000 
5132 218 216 221.000000 900.000000 1 13.333333 13.333334 901.000000 
5133 216 44 409.000000 900.000000 1 28.333333 28.333333 901.000000 
5134 211 220 187.000000 2400.000000 1 4.000000 4.000000 2401.000000 
5135 216 316 384.000000 900.000000 1 21.000000 21.000000 901.000000 
5136 217 216 165.000000 900.000000 1 8.666667 8.666666 901.000000 
5137 206 43 66.000000 900.000000 1 4.333333 4.333334 901.000000 
5138 208 206 105.000000 900.000000 1 2.666667 2.666666 901.000000 
5139 209 204 32.000000 900.000000 1 0.666667 0.666667 901.000000 
5140 43 39 457.000000 900.000000 1 14.666667 14.666666 901.000000 
5141 214 43 172.000000 900.000000 1 13.333333 13.333334 901.000000 
5144 38 280 445.000000 900.000000 1 11.000000 11.000000 901.000000 
5145 204 38 73.000000 900.000000 1 1.666667 1.666667 901.000000 
5146 206 208 105.000000 900.000000 1 3.333333 3.333334 901.000000 
5147 208 33 77.000000 900.000000 1 2.666667 2.666666 901.000000 
5148 33 208 77.000000 900.000000 1 2.000000 2.000000 901.000000 
5149 43 206 66.000000 900.000000 1 3.000000 3.000000 901.000000 
5150 210 205 320.000000 2400.000000 1 30.666667 30.666667 2401.000000 
5155 205 203 173.000000 900.000000 1 9.000000 9.000000 901.000000 
5157 206 35 58.000000 900.000000 1 2.000000 2.000000 901.000000 
5159 205 210 320.000000 2400.000000 1 11.333333 11.333334 2401.000000 
5160 104 197 73.000000 900.000000 1 8.333333 8.333334 901.000000 
5163 199 202 132.000000 2400.000000 1 4.333333 4.333334 2401.000000 
5165 196 198 84.000000 2400.000000 1 2.000000 2.000000 2401.000000 
5168 186 200 390.000000 2400.000000 1 11.000000 11.000000 2401.000000 
5170 198 199 61.000000 2400.000000 1 1.333333 1.333333 2401.000000 
5171 167 196 22.000000 2400.000000 1 0.666667 0.666667 2401.000000 
5172 197 104 73.000000 900.000000 1 6.000000 6.000000 901.000000 
5173 179 25 545.000000 2800.000000 1 13.333333 13.333334 2801.000000 
5174 357 123 590.000000 2800.000000 1 15.333333 15.333334 2801.000000 
5175 132 188 37.000000 2800.000000 1 1.333333 1.333333 2801.000000 
5176 190 40 200.000000 2800.000000 1 9.000000 9.000000 2801.000000 
5177 195 193 225.000000 900.000000 1 14.666667 14.666666 901.000000 
5178 191 194 233.000000 900.000000 1 7.666667 7.666666 901.000000 
5179 189 191 339.000000 900.000000 1 21.333333 21.333333 901.000000 
5180 194 189 106.000000 900.000000 1 9.666667 9.666666 901.000000 
5181 69 41 385.000000 600.000000 1 11.000000 11.000000 601.000000 
5182 31 63 262.000000 600.000000 1 10.666667 10.666666 601.000000 
5185 193 189 222.000000 900.000000 1 11.333333 11.333334 901.000000 
5186 45 192 43.000000 900.000000 1 1.333333 1.333333 901.000000 
5187 192 45 43.000000 900.000000 1 1.333333 1.333333 901.000000 
5188 188 19 254.000000 2800.000000 1 7.333333 7.333334 2801.000000 
5215 187 161 175.000000 2400.000000 1 13.000000 13.000000 2401.000000 
5216 185 187 125.000000 2400.000000 1 4.333333 4.333334 2401.000000 
5217 186 165 358.000000 2400.000000 1 15.666667 15.666666 2401.000000 
5218 159 186 231.000000 2400.000000 1 11.000000 11.000000 2401.000000 
5219 184 180 113.000000 900.000000 1 11.000000 11.000000 901.000000 
5220 183 184 53.000000 900.000000 1 1.333333 1.333333 901.000000 
5221 184 183 53.000000 900.000000 1 1.333333 1.333333 901.000000 
5223 181 182 42.000000 900.000000 1 1.000000 1.000000 901.000000 
5224 182 183 90.000000 900.000000 1 2.333333 2.333334 901.000000 
5225 183 182 90.000000 900.000000 1 2.333333 2.333334 901.000000 
5227 180 181 119.000000 900.000000 1 4.333333 4.333334 901.000000 
5228 181 180 119.000000 900.000000 1 5.666667 5.666666 901.000000 
5231 175 179 84.000000 2800.000000 1 2.333333 2.333334 2801.000000 
5232 175 171 33.000000 2800.000000 1 0.666667 0.666667 2801.000000 
5233 85 92 371.000000 2400.000000 1 27.333333 27.333333 2401.000000 
5234 92 85 371.000000 2400.000000 1 12.666667 12.666666 2401.000000 
5237 173 177 156.000000 600.000000 1 4.000000 4.000000 601.000000 
5238 172 139 154.000000 2800.000000 1 13.666667 13.666666 2801.000000 
5239 166 169 366.000000 600.000000 1 9.000000 9.000000 601.000000 
5240 164 166 206.000000 600.000000 1 5.000000 5.000000 601.000000 
5241 166 173 180.000000 900.000000 1 4.666667 4.666666 901.000000 
5242 173 166 180.000000 900.000000 1 9.000000 9.000000 901.000000 
5243 169 164 160.000000 600.000000 1 7.000000 7.000000 601.000000 
5244 85 176 195.000000 900.000000 1 7.000000 7.000000 901.000000 
5245 178 85 318.000000 900.000000 1 8.000000 8.000000 901.000000 
5246 176 173 200.000000 900.000000 1 7.333333 7.333334 901.000000 
5247 9 175 82.000000 2800.000000 1 2.000000 2.000000 2801.000000 
5248 174 168 30.000000 600.000000 1 0.666667 0.666667 601.000000 
5249 93 169 136.000000 600.000000 1 4.666667 4.666666 601.000000 
5250 168 93 52.000000 600.000000 1 1.333333 1.333333 601.000000 
5252 170 91 136.000000 2400.000000 1 6.000000 6.000000 2401.000000 
5253 169 174 63.000000 600.000000 1 1.666667 1.666667 601.000000 
5254 173 178 77.000000 900.000000 1 2.000000 2.000000 901.000000 
5255 171 172 97.000000 2800.000000 1 2.666667 2.666666 2801.000000 
5257 133 158 94.000000 900.000000 1 2.333333 2.333334 901.000000 
5259 158 114 105.000000 900.000000 1 15.000000 15.000000 901.000000 
5260 157 167 10.000000 2400.000000 1 0.333333 0.333334 2401.000000 
5261 161 163 39.000000 2400.000000 1 1.000000 1.000000 2401.000000 
5262 167 161 19.000000 2400.000000 1 1.000000 1.000000 2401.000000 
5263 129 130 101.000000 600.000000 1 2.666667 2.666666 601.000000 
5264 14 159 194.000000 2400.000000 1 9.333333 9.333334 2401.000000 
5265 165 14 67.000000 2400.000000 1 11.666667 11.666666 2401.000000 
5266 163 162 112.000000 2400.000000 1 2.666667 2.666666 2401.000000 
5267 162 30 281.000000 2400.000000 1 14.000000 14.000000 2401.000000 
5268 161 326 90.000000 900.000000 1 3.000000 3.000000 901.000000 
5269 160 157 48.000000 900.000000 1 6.000000 6.000000 901.000000 
5270 29 156 280.000000 2400.000000 1 8.666667 8.666666 2401.000000 
5271 156 157 157.000000 2400.000000 1 10.333333 10.333334 2401.000000 
5274 151 121 62.000000 2800.000000 1 7.666667 7.666666 2801.000000 
5277 141 114 15.000000 2400.000000 1 1.333333 1.333333 2401.000000 
5279 155 154 172.000000 2400.000000 1 4.666667 4.666666 2401.000000 
5280 116 155 99.000000 2400.000000 1 2.666667 2.666666 2401.000000 
5284 146 124 24.000000 2800.000000 1 1.000000 1.000000 2801.000000 
5285 148 152 60.000000 2800.000000 1 1.666667 1.666667 2801.000000 
5287 152 146 350.000000 2800.000000 1 9.666667 9.666666 2801.000000 
5288 154 145 239.000000 2400.000000 1 6.666667 6.666666 2401.000000 
5289 147 151 344.000000 2800.000000 1 7.666667 7.666666 2801.000000 
5290 144 150 49.000000 2400.000000 1 1.333333 1.333333 2401.000000 
5291 153 128 95.000000 2400.000000 1 2.333333 2.333334 2401.000000 
5292 132 144 32.000000 2400.000000 1 0.666667 0.666667 2401.000000 
5293 150 153 49.000000 2400.000000 1 1.000000 1.000000 2401.000000 
5295 151 152 39.000000 2800.000000 1 1.000000 1.000000 2801.000000 
5296 121 139 33.000000 2800.000000 1 1.666667 1.666667 2801.000000 
5297 125 150 55.000000 2400.000000 1 1.666667 1.666667 2401.000000 
5298 149 147 60.000000 2800.000000 1 1.666667 1.666667 2801.000000 
5300 143 148 144.000000 2800.000000 1 12.666667 12.666666 2801.000000 
5301 148 121 38.000000 2800.000000 1 3.333333 3.333334 2801.000000 
5303 114 170 218.000000 2400.000000 1 9.333333 9.333334 2401.000000 
5304 116 141 19.000000 2400.000000 1 1.000000 1.000000 2401.000000 
5305 131 148 34.000000 2800.000000 1 1.000000 1.000000 2801.000000 
5306 138 140 53.000000 2400.000000 1 1.333333 1.333333 2401.000000 
5307 140 142 108.000000 2400.000000 1 5.333333 5.333334 2401.000000 
5308 128 138 138.000000 2400.000000 1 3.666667 3.666666 2401.000000 
5309 144 143 31.000000 2800.000000 1 2.666667 2.666666 2801.000000 
5310 146 147 27.000000 2800.000000 1 1.000000 1.000000 2801.000000 
5311 145 143 107.000000 2400.000000 1 8.666667 8.666666 2401.000000 
5312 12 120 251.000000 2400.000000 1 6.333333 6.333334 2401.000000 
5313 141 133 198.000000 900.000000 1 5.000000 5.000000 901.000000 
5314 125 144 41.000000 2800.000000 1 3.666667 3.666666 2801.000000 
5315 142 141 87.000000 2800.000000 1 7.333333 7.333334 2801.000000 
5316 139 131 40.000000 2800.000000 1 1.000000 1.000000 2801.000000 
5317 133 130 185.000000 900.000000 1 5.000000 5.000000 901.000000 
5318 127 130 156.000000 600.000000 1 4.000000 4.000000 601.000000 
5319 133 137 141.000000 600.000000 1 6.666667 6.666666 601.000000 
5321 24 356 106.000000 2800.000000 1 2.666667 2.666666 2801.000000 
5323 356 125 45.000000 2800.000000 1 3.333333 3.333334 2801.000000 
5324 126 134 7.000000 900.000000 1 0.333333 0.333334 901.000000 
5325 136 133 219.000000 600.000000 1 5.333333 5.333334 601.000000 
5326 137 136 78.000000 600.000000 1 4.000000 4.000000 601.000000 
5327 15 126 125.000000 900.000000 1 4.666667 4.666666 901.000000 
5328 135 136 54.000000 600.000000 1 4.000000 4.000000 601.000000 
5329 136 24 194.000000 600.000000 1 5.000000 5.000000 601.000000 
5330 134 130 131.000000 900.000000 1 4.000000 4.000000 901.000000 
5331 130 126 138.000000 900.000000 1 3.666667 3.666666 901.000000 
5332 131 132 161.000000 2800.000000 1 6.333333 6.333334 2801.000000 
5333 130 133 185.000000 900.000000 1 4.333333 4.333334 901.000000 
5334 24 135 140.000000 600.000000 1 4.000000 4.000000 601.000000 
5335 126 17 105.000000 2800.000000 1 13.000000 13.000000 2801.000000 
5336 17 126 105.000000 900.000000 1 3.000000 3.000000 901.000000 
5549 149 124 44.000000 600.000000 1 1.333333 1.333333 601.000000 
5552 349 352 236.000000 2800.000000 1 5.666667 5.666666 2801.000000 
5559 350 351 50.000000 2400.000000 1 1.000000 1.000000 2401.000000 
5562 119 350 124.000000 2400.000000 1 2.666667 2.666666 2401.000000 
5573 97 349 10.000000 2800.000000 1 0.333333 0.333334 2801.000000 
5578 352 149 22.000000 2800.000000 1 0.666667 0.666667 2801.000000 
5582 123 12 88.000000 2800.000000 1 10.666667 10.666666 2801.000000 
5583 120 119 69.000000 2400.000000 1 1.666667 1.666667 2401.000000 
5584 118 11 250.000000 2400.000000 1 19.666667 19.666667 2401.000000 
5585 121 122 154.000000 2800.000000 1 4.000000 4.000000 2801.000000 
5586 122 123 126.000000 2800.000000 1 7.000000 7.000000 2801.000000 
5595 117 118 160.000000 2400.000000 1 4.000000 4.000000 2401.000000 
5596 113 116 16.000000 2400.000000 1 0.666667 0.666667 2401.000000 
5597 115 113 95.000000 2400.000000 1 12.000000 12.000000 2401.000000 
5598 113 110 356.000000 2400.000000 1 21.333333 21.333333 2401.000000 
5599 74 359 291.000000 900.000000 1 8.666667 8.666666 901.000000 
5600 358 74 277.000000 900.000000 1 15.666667 15.666666 901.000000 
5606 111 112 74.000000 2400.000000 1 2.000000 2.000000 2401.000000 
5612 112 116 363.000000 2400.000000 1 19.333333 19.333333 2401.000000 
5616 110 112 25.000000 2400.000000 1 0.666667 0.666667 2401.000000 
5617 112 110 25.000000 2400.000000 1 0.666667 0.666667 2401.000000 
5621 103 107 103.000000 600.000000 1 5.333333 5.333334 601.000000 
5626 102 103 421.000000 2800.000000 1 16.333333 16.333333 2801.000000 
5628 101 102 105.000000 600.000000 1 4.000000 4.000000 601.000000 
5667 100 98 31.000000 900.000000 1 0.666667 0.666667 901.000000 
5674 99 100 87.000000 900.000000 1 2.333333 2.333334 901.000000 
5675 100 99 87.000000 900.000000 1 2.333333 2.333334 901.000000 
5676 66 100 78.000000 900.000000 1 2.333333 2.333334 901.000000 
5678 98 100 31.000000 900.000000 1 0.666667 0.666667 901.000000 
5681 98 99 102.000000 900.000000 1 2.666667 2.666666 901.000000 
5682 99 98 102.000000 900.000000 1 3.000000 3.000000 901.000000 
5683 98 80 75.000000 900.000000 1 9.000000 9.000000 901.000000 
6434 90 87 93.000000 900.000000 1 3.333333 3.333334 901.000000 
6435 95 88 109.000000 900.000000 1 3.333333 3.333334 901.000000 
6436 88 85 299.000000 900.000000 1 21.333333 21.333333 901.000000 
6437 88 76 128.000000 900.000000 1 6.333333 6.333334 901.000000 
6438 96 92 74.000000 900.000000 1 5.666667 5.666666 901.000000 
6439 92 74 348.000000 900.000000 1 14.000000 14.000000 901.000000 
6440 77 83 53.000000 900.000000 1 2.333333 2.333334 901.000000 
6442 83 89 61.000000 900.000000 1 1.666667 1.666667 901.000000 
6443 74 96 274.000000 900.000000 1 16.000000 16.000000 901.000000 
6445 86 95 43.000000 900.000000 1 1.333333 1.333333 901.000000 
6446 94 8 54.000000 2800.000000 1 8.000000 8.000000 2801.000000 
6447 93 92 100.000000 600.000000 1 2.333333 2.333334 601.000000 
6448 92 93 100.000000 600.000000 1 3.000000 3.000000 601.000000 
6449 91 92 165.000000 2400.000000 1 11.000000 11.000000 2401.000000 
6450 92 115 417.000000 2400.000000 1 15.666667 15.666666 2401.000000 
6451 84 89 22.000000 900.000000 1 0.666667 0.666667 901.000000 
6453 89 90 24.000000 900.000000 1 2.000000 2.000000 901.000000 
6454 87 88 87.000000 900.000000 1 5.333333 5.333334 901.000000 
6516 85 86 147.000000 900.000000 1 4.333333 4.333334 901.000000 
6521 81 74 256.000000 900.000000 1 11.666667 11.666666 901.000000 
6522 73 81 106.000000 900.000000 1 3.666667 3.666666 901.000000 
6523 78 79 172.000000 600.000000 1 6.666667 6.666666 601.000000 
6526 78 4 40.000000 600.000000 1 1.333333 1.333333 601.000000 
6527 77 84 51.000000 900.000000 1 1.333333 1.333333 901.000000 
6528 74 82 51.000000 900.000000 1 1.333333 1.333333 901.000000 
6529 66 80 38.000000 900.000000 1 1.666667 1.666667 901.000000 
6530 80 66 38.000000 900.000000 1 2.333333 2.333334 901.000000 
6531 76 5 44.000000 600.000000 1 1.000000 1.000000 601.000000 
6532 80 78 477.000000 600.000000 1 17.000000 17.000000 601.000000 
6533 79 81 235.000000 600.000000 1 13.666667 13.666666 601.000000 
6534 81 78 407.000000 600.000000 1 19.000000 19.000000 601.000000 
6535 78 76 191.000000 600.000000 1 6.666667 6.666666 601.000000 
6537 4 64 315.000000 600.000000 1 8.000000 8.000000 601.000000 
6538 355 4 193.000000 600.000000 1 4.666667 4.666666 601.000000 
6539 64 355 122.000000 600.000000 1 3.000000 3.000000 601.000000 
6540 82 83 156.000000 900.000000 1 6.666667 6.666666 901.000000 
6541 83 74 207.000000 900.000000 1 15.666667 15.666666 901.000000 
6542 80 81 256.000000 900.000000 1 6.666667 6.666666 901.000000 
6543 81 80 256.000000 900.000000 1 11.333333 11.333334 901.000000 
6544 76 88 128.000000 900.000000 1 4.000000 4.000000 901.000000 
6549 75 76 178.000000 900.000000 1 4.333333 4.333334 901.000000 
6550 76 77 202.000000 900.000000 1 8.333333 8.333334 901.000000 
6551 74 73 150.000000 900.000000 1 5.333333 5.333334 901.000000 
6717 60 54 72.000000 2400.000000 1 1.666667 1.666667 2401.000000 
6718 54 46 137.000000 2400.000000 1 8.666667 8.666666 2401.000000 
6720 65 57 297.000000 900.000000 1 19.000000 19.000000 901.000000 
6721 61 213 342.000000 900.000000 1 17.333333 17.333333 901.000000 
6722 41 67 236.000000 600.000000 1 6.000000 6.000000 601.000000 
6723 68 41 202.000000 600.000000 1 5.000000 5.000000 601.000000 
6724 72 53 83.000000 2400.000000 1 2.000000 2.000000 2401.000000 
6725 63 69 130.000000 600.000000 1 4.333333 4.333334 601.000000 
6726 71 70 74.000000 600.000000 1 2.000000 2.000000 601.000000 
6727 50 71 174.000000 600.000000 1 6.666667 6.666666 601.000000 
6728 70 50 100.000000 600.000000 1 2.333333 2.333334 601.000000 
6729 52 67 86.000000 2400.000000 1 2.666667 2.666666 2401.000000 
6730 66 64 213.000000 600.000000 1 5.333333 5.333334 601.000000 
6731 64 66 213.000000 600.000000 1 15.000000 15.000000 601.000000 
6732 48 215 301.000000 2400.000000 1 6.333333 6.333334 2401.000000 
6733 51 48 100.000000 2400.000000 1 4.333333 4.333334 2401.000000 
6735 63 46 96.000000 2400.000000 1 2.000000 2.000000 2401.000000 
6736 46 63 96.000000 2400.000000 1 12.333333 12.333334 2401.000000 
6737 41 31 253.000000 600.000000 1 7.000000 7.000000 601.000000 
6738 62 63 102.000000 2400.000000 1 2.000000 2.000000 2401.000000 
6739 63 283 392.000000 2400.000000 1 19.000000 19.000000 2401.000000 
6740 57 61 192.000000 900.000000 1 9.666667 9.666666 901.000000 
6821 58 52 165.000000 2400.000000 1 5.000000 5.000000 2401.000000 
6822 53 57 165.000000 2400.000000 1 10.333333 10.333334 2401.000000 
6823 50 347 216.000000 2400.000000 1 6.666667 6.666666 2401.000000 
6824 46 60 65.000000 2400.000000 1 1.333333 1.333333 2401.000000 
6825 56 49 131.000000 2400.000000 1 13.333333 13.333334 2401.000000 
6826 57 47 128.000000 2400.000000 1 4.000000 4.000000 2401.000000 
6828 49 54 198.000000 2400.000000 1 10.666667 10.666666 2401.000000 
6829 54 48 31.000000 2400.000000 1 0.666667 0.666667 2401.000000 
6830 48 54 31.000000 2400.000000 1 1.333333 1.333333 2401.000000 
6831 59 51 75.000000 2400.000000 1 4.000000 4.000000 2401.000000 
6832 48 50 197.000000 2400.000000 1 15.333333 15.333334 2401.000000 
6833 55 58 132.000000 2400.000000 1 8.333333 8.333334 2401.000000 
6834 57 58 38.000000 900.000000 1 1.666667 1.666667 901.000000 
6835 58 57 38.000000 900.000000 1 2.000000 2.000000 901.000000 
6836 54 55 128.000000 2400.000000 1 4.666667 4.666666 2401.000000 
6838 49 50 31.000000 600.000000 1 1.333333 1.333333 601.000000 
6839 50 49 31.000000 600.000000 1 1.333333 1.333333 601.000000 
6840 47 48 132.000000 2400.000000 1 9.666667 9.666666 2401.000000 
6854 33 36 103.000000 900.000000 1 4.000000 4.000000 901.000000 
6855 43 45 34.000000 900.000000 1 1.333333 1.333333 901.000000 
6856 45 43 34.000000 900.000000 1 1.000000 1.000000 901.000000 
6857 44 37 277.000000 2400.000000 1 18.333333 18.333333 2401.000000 
6858 44 42 90.000000 2400.000000 1 11.333333 11.333334 2401.000000 
6859 42 44 90.000000 2400.000000 1 6.666667 6.666666 2401.000000 
6860 42 214 463.000000 900.000000 1 14.000000 14.000000 901.000000 
6861 39 42 178.000000 900.000000 1 15.333333 15.333334 901.000000 
6862 40 32 137.000000 2800.000000 1 7.000000 7.000000 2801.000000 
6863 36 38 348.000000 900.000000 1 14.666667 14.666666 901.000000 
6864 38 33 451.000000 900.000000 1 11.333333 11.333334 901.000000 
6865 34 206 189.000000 900.000000 1 5.000000 5.000000 901.000000 
6866 35 2 304.000000 900.000000 1 7.333333 7.333334 901.000000 
6867 30 8 22.000000 2800.000000 1 0.666667 0.666667 2801.000000 
6868 29 30 36.000000 2800.000000 1 1.666667 1.666667 2801.000000 
6878 8 10 39.000000 2800.000000 1 1.333333 1.333333 2801.000000 
6879 10 29 23.000000 2800.000000 1 0.666667 0.666667 2801.000000 
6978 26 27 23.000000 2800.000000 1 0.666667 0.666667 2801.000000 
6979 27 28 16.000000 2800.000000 1 0.666667 0.666667 2801.000000 
6984 26 15 301.000000 2800.000000 1 12.000000 12.000000 2801.000000 
6985 20 27 272.000000 2800.000000 1 9.666667 9.666666 2801.000000 
7007 23 24 56.000000 2800.000000 1 1.333333 1.333333 2801.000000 
7008 23 357 161.000000 2800.000000 1 3.666667 3.666666 2801.000000 
7009 25 19 132.000000 2800.000000 1 2.666667 2.666666 2801.000000 
7010 21 20 64.000000 2800.000000 1 1.666667 1.666667 2801.000000 
7017 22 23 48.000000 2800.000000 1 1.000000 1.000000 2801.000000 
7018 15 17 92.000000 2800.000000 1 7.666667 7.666666 2801.000000 
7020 17 14 30.000000 2800.000000 1 1.666667 1.666667 2801.000000 
7021 14 17 30.000000 2400.000000 1 1.000000 1.000000 2401.000000 
7023 18 22 139.000000 2800.000000 1 3.333333 3.333334 2801.000000 
7025 14 21 51.000000 2800.000000 1 1.666667 1.666667 2801.000000 
7030 16 13 114.000000 2800.000000 1 3.333333 3.333334 2801.000000 
7032 19 16 46.000000 2800.000000 1 1.000000 1.000000 2801.000000 
7033 17 18 103.000000 2800.000000 1 3.666667 3.666666 2801.000000 
7036 13 14 126.000000 2800.000000 1 9.000000 9.000000 2801.000000 
7109 7 9 44.000000 2800.000000 1 1.333333 1.333333 2801.000000 
7115 9 12 35.000000 2800.000000 1 1.333333 1.333333 2801.000000 
7119 12 11 43.000000 2800.000000 1 5.333333 5.333334 2801.000000 
7121 11 7 37.000000 2800.000000 1 1.666667 1.666667 2801.000000 
7160 8 9 321.000000 2800.000000 1 19.333333 19.333333 2801.000000 
7163 7 10 320.000000 2800.000000 1 18.333333 18.333333 2801.000000 
12710 4 76 240.000000 600.000000 1 6.000000 6.000000 601.000000 
12711 5 4 196.000000 600.000000 1 5.000000 5.000000 601.000000 
19614 1 0 1.000000 2400.000000 1 0.333333 0.333334 2401.000000 
19617 114 113 19.000000 2400.000000 1 0.333333 0.333334 2401.000000 
