# id node_number1 node_number2 value 
1 377 378     4.026000  
2 377 379     7.716000  
3 377 392     9.144000  
4 377 393     11.478000 
5 377 380     9.390000  
6 377 381     5.418000  
7 377 394     4.158000  
8 377 397     3.462000  
9 377 382     8.706000  
10 377 362    19.986000 
11 377 363    2.988000  
12 377 364    3.714000  
13 377 365    8.190000  
14 377 366    7.944000  
15 377 383    3.750000  
16 377 384    5.772000  
17 377 367    8.736000  
18 377 368    16.872000 
19 377 369    12.714000 
20 377 370    12.816000 
21 377 385    0.900000  
22 377 395    2.124000  
23 377 386    4.146000  
24 377 387    4.440000  
25 377 371    3.774000  
26 377 388    3.816000  
27 377 372    1.110000  
28 377 373    4.014000  
29 377 374    1.536000  
30 377 389    2.694000  
31 377 375    1.092000  
32 377 376    5.526000  
33 377 396    7.770000  
34 377 390    7.290000  
35 377 391    4.968000  
36 378 377    4.092000  
37 378 379    3.042000  
38 378 392    5.490000  
39 378 393    7.860000  
40 378 380    7.842000  
41 378 381    5.172000  
42 378 394    4.650000  
43 378 397    1.716000  
44 378 382    10.914000 
45 378 362    20.610000 
46 378 363    2.226000  
47 378 364    2.802000  
48 378 365    8.196000  
49 378 366    6.306000  
50 378 383    3.942000  
51 378 384    5.412000  
52 378 367    6.288000  
53 378 368    7.464000  
54 378 369    11.700000 
55 378 370    5.292000  
56 378 385    0.432000  
57 378 395    0.930000  
58 378 386    1.596000  
59 378 387    3.552000  
60 378 371    3.414000  
61 378 388    2.130000  
62 378 372    0.702000  
63 378 373    3.264000  
64 378 374    1.980000  
65 378 389    2.298000  
66 378 375    0.828000  
67 378 376    5.676000  
68 378 396    7.014000  
69 378 390    4.932000  
70 378 391    3.240000  
71 379 377    7.872000  
72 379 378    3.060000  
73 379 392    11.184000 
74 379 393    21.198000 
75 379 380    18.414000 
76 379 381    10.752000 
77 379 394    10.902000 
78 379 397    4.506000  
79 379 382    21.462000 
80 379 362    42.018000 
81 379 363    4.482000  
82 379 364    6.732000  
83 379 365    15.900000 
84 379 366    16.674000 
85 379 383    8.034000  
86 379 384    11.652000 
87 379 367    11.964000 
88 379 368    14.478000 
89 379 369    22.038000 
90 379 370    9.528000  
91 379 385    0.552000  
92 379 395    1.620000  
93 379 386    3.000000  
94 379 387    8.184000  
95 379 371    7.242000  
96 379 388    4.572000  
97 379 372    1.356000  
98 379 373    7.566000  
99 379 374    4.152000  
100 379 389   5.370000  
101 379 375   1.626000  
102 379 376   11.226000 
103 379 396   14.916000 
104 379 390   8.832000  
105 379 391   6.354000  
106 392 377   9.192000  
107 392 378   5.346000  
108 392 379   11.016000 
109 392 393   15.648000 
110 392 380   14.178000 
111 392 381   7.014000  
112 392 394   5.280000  
113 392 397   3.384000  
114 392 382   15.600000 
115 392 362   28.368000 
116 392 363   5.622000  
117 392 364   5.028000  
118 392 365   11.196000 
119 392 366   12.156000 
120 392 383   5.640000  
121 392 384   6.900000  
122 392 367   10.068000 
123 392 368   15.204000 
124 392 369   16.290000 
125 392 370   12.270000 
126 392 385   1.710000  
127 392 395   2.514000  
128 392 386   4.002000  
129 392 387   5.652000  
130 392 371   4.332000  
131 392 388   3.498000  
132 392 372   1.236000  
133 392 373   2.604000  
134 392 374   1.998000  
135 392 389   2.112000  
136 392 375   1.026000  
137 392 376   6.300000  
138 392 396   6.660000  
139 392 390   7.578000  
140 392 391   4.272000  
141 393 377   10.692000 
142 393 378   7.710000  
143 393 379   20.466000 
144 393 392   15.432000 
145 393 380   10.392000 
146 393 381   6.894000  
147 393 394   5.952000  
148 393 397   5.274000  
149 393 382   11.406000 
150 393 362   28.698000 
151 393 363   6.114000  
152 393 364   5.370000  
153 393 365   13.050000 
154 393 366   7.314000  
155 393 383   4.704000  
156 393 384   7.662000  
157 393 367   17.232000 
158 393 368   36.816000 
159 393 369   24.558000 
160 393 370   31.512000 
161 393 385   3.402000  
162 393 395   5.982000  
163 393 386   8.124000  
164 393 387   8.790000  
165 393 371   5.118000  
166 393 388   6.816000  
167 393 372   2.172000  
168 393 373   4.650000  
169 393 374   1.542000  
170 393 389   3.132000  
171 393 375   1.908000  
172 393 376   8.838000  
173 393 396   9.768000  
174 393 390   16.704000 
175 393 391   9.744000  
176 380 377   9.348000  
177 380 378   7.482000  
178 380 379   18.060000 
179 380 392   13.572000 
180 380 393   10.452000 
181 380 381   4.740000  
182 380 394   5.556000  
183 380 397   4.032000  
184 380 382   8.706000  
185 380 362   21.198000 
186 380 363   5.040000  
187 380 364   4.026000  
188 380 365   8.910000  
189 380 366   6.636000  
190 380 383   3.258000  
191 380 384   5.496000  
192 380 367   13.968000 
193 380 368   28.542000 
194 380 369   19.656000 
195 380 370   24.750000 
196 380 385   2.574000  
197 380 395   4.068000  
198 380 386   5.832000  
199 380 387   6.048000  
200 380 371   4.824000  
201 380 388   4.788000  
202 380 372   1.878000  
203 380 373   3.744000  
204 380 374   2.028000  
205 380 389   2.400000  
206 380 375   1.830000  
207 380 376   7.908000  
208 380 396   9.870000  
209 380 390   13.764000 
210 380 391   8.586000  
211 381 377   5.136000  
212 381 378   5.076000  
213 381 379   10.410000 
214 381 392   6.942000  
215 381 393   7.074000  
216 381 380   4.728000  
217 381 394   2.766000  
218 381 397   3.054000  
219 381 382   4.716000  
220 381 362   9.894000  
221 381 363   3.354000  
222 381 364   2.610000  
223 381 365   5.022000  
224 381 366   4.314000  
225 381 383   1.770000  
226 381 384   2.634000  
227 381 367   7.608000  
228 381 368   17.214000 
229 381 369   9.594000  
230 381 370   14.850000 
231 381 385   1.320000  
232 381 395   2.610000  
233 381 386   2.976000  
234 381 387   3.342000  
235 381 371   2.238000  
236 381 388   2.868000  
237 381 372   0.966000  
238 381 373   2.580000  
239 381 374   0.816000  
240 381 389   1.560000  
241 381 375   0.942000  
242 381 376   4.608000  
243 381 396   5.592000  
244 381 390   8.730000  
245 381 391   5.418000  
246 394 377   4.134000  
247 394 378   4.452000  
248 394 379   10.686000 
249 394 392   5.106000  
250 394 393   5.988000  
251 394 380   5.736000  
252 394 381   2.766000  
253 394 397   1.728000  
254 394 382   5.154000  
255 394 362   10.926000 
256 394 363   3.240000  
257 394 364   2.388000  
258 394 365   4.686000  
259 394 366   4.278000  
260 394 383   2.220000  
261 394 384   2.538000  
262 394 367   5.466000  
263 394 368   10.476000 
264 394 369   7.680000  
265 394 370   9.690000  
266 394 385   1.356000  
267 394 395   1.944000  
268 394 386   2.640000  
269 394 387   2.550000  
270 394 371   1.596000  
271 394 388   1.878000  
272 394 372   0.720000  
273 394 373   0.612000  
274 394 374   0.504000  
275 394 389   0.504000  
276 394 375   0.498000  
277 394 376   2.244000  
278 394 396   2.166000  
279 394 390   4.674000  
280 394 391   2.466000  
281 397 377   3.522000  
282 397 378   1.692000  
283 397 379   4.446000  
284 397 392   3.378000  
285 397 393   5.670000  
286 397 380   4.062000  
287 397 381   3.234000  
288 397 394   1.746000  
289 397 382   4.212000  
290 397 362   12.408000 
291 397 363   1.902000  
292 397 364   2.082000  
293 397 365   4.134000  
294 397 366   4.416000  
295 397 383   2.076000  
296 397 384   3.180000  
297 397 367   3.618000  
298 397 368   6.018000  
299 397 369   6.306000  
300 397 370   5.058000  
301 397 385   0.486000  
302 397 395   0.906000  
303 397 386   1.170000  
304 397 387   2.040000  
305 397 371   1.452000  
306 397 388   1.332000  
307 397 372   0.420000  
308 397 373   1.296000  
309 397 374   0.756000  
310 397 389   0.960000  
311 397 375   0.402000  
312 397 376   2.526000  
313 397 396   3.492000  
314 397 390   3.138000  
315 397 391   2.124000  
316 382 377   8.604000  
317 382 378   10.380000 
318 382 379   21.012000 
319 382 392   14.838000 
320 382 393   11.364000 
321 382 380   8.694000  
322 382 381   4.674000  
323 382 394   4.932000  
324 382 397   4.146000  
325 382 362   15.870000 
326 382 363   7.302000  
327 382 364   5.634000  
328 382 365   11.430000 
329 382 366   8.034000  
330 382 383   4.020000  
331 382 384   5.844000  
332 382 367   13.674000 
333 382 368   29.496000 
334 382 369   20.220000 
335 382 370   27.162000 
336 382 385   2.814000  
337 382 395   4.662000  
338 382 386   5.496000  
339 382 387   5.454000  
340 382 371   3.606000  
341 382 388   4.716000  
342 382 372   1.800000  
343 382 373   2.736000  
344 382 374   1.164000  
345 382 389   1.830000  
346 382 375   1.542000  
347 382 376   6.618000  
348 382 396   7.626000  
349 382 390   14.358000 
350 382 391   8.550000  
351 362 377   18.618000 
352 362 378   20.232000 
353 362 379   40.560000 
354 362 392   28.032000 
355 362 393   28.674000 
356 362 380   21.144000 
357 362 381   9.642000  
358 362 394   10.908000 
359 362 397   11.556000 
360 362 382   15.996000 
361 362 363   14.310000 
362 362 364   12.306000 
363 362 365   24.582000 
364 362 366   18.504000 
365 362 383   8.952000  
366 362 384   12.276000 
367 362 367   29.298000 
368 362 368   64.134000 
369 362 369   46.788000 
370 362 370   59.736000 
371 362 385   4.998000  
372 362 395   9.846000  
373 362 386   10.542000 
374 362 387   11.166000 
375 362 371   8.274000  
376 362 388   9.732000  
377 362 372   3.612000  
378 362 373   6.888000  
379 362 374   3.132000  
380 362 389   4.308000  
381 362 375   3.468000  
382 362 376   16.512000 
383 362 396   18.030000 
384 362 390   33.204000 
385 362 391   19.470000 
386 363 377   3.012000  
387 363 378   2.172000  
388 363 379   4.422000  
389 363 392   5.628000  
390 363 393   6.216000  
391 363 380   5.232000  
392 363 381   3.408000  
393 363 394   3.330000  
394 363 397   1.914000  
395 363 382   7.614000  
396 363 362   14.520000 
397 363 364   1.590000  
398 363 365   4.710000  
399 363 366   3.780000  
400 363 383   2.226000  
401 363 384   3.432000  
402 363 367   4.974000  
403 363 368   9.420000  
404 363 369   10.008000 
405 363 370   7.176000  
406 363 385   0.576000  
407 363 395   0.858000  
408 363 386   2.052000  
409 363 387   2.994000  
410 363 371   2.874000  
411 363 388   1.962000  
412 363 372   0.750000  
413 363 373   2.850000  
414 363 374   1.542000  
415 363 389   1.830000  
416 363 375   0.846000  
417 363 376   4.806000  
418 363 396   6.000000  
419 363 390   5.178000  
420 363 391   3.372000  
421 364 377   3.624000  
422 364 378   2.766000  
423 364 379   6.558000  
424 364 392   5.010000  
425 364 393   5.598000  
426 364 380   4.044000  
427 364 381   2.676000  
428 364 394   2.400000  
429 364 397   2.004000  
430 364 382   5.718000  
431 364 362   12.834000 
432 364 363   1.578000  
433 364 365   3.480000  
434 364 366   3.408000  
435 364 383   1.560000  
436 364 384   2.478000  
437 364 367   4.260000  
438 364 368   11.142000 
439 364 369   7.596000  
440 364 370   9.024000  
441 364 385   0.834000  
442 364 395   1.074000  
443 364 386   2.346000  
444 364 387   2.880000  
445 364 371   2.340000  
446 364 388   2.094000  
447 364 372   0.672000  
448 364 373   2.538000  
449 364 374   1.074000  
450 364 389   1.542000  
451 364 375   0.810000  
452 364 376   4.050000  
453 364 396   5.328000  
454 364 390   5.730000  
455 364 391   3.786000  
456 365 377   8.166000  
457 365 378   7.824000  
458 365 379   15.600000 
459 365 392   10.764000 
460 365 393   13.152000 
461 365 380   8.946000  
462 365 381   5.040000  
463 365 394   4.578000  
464 365 397   4.110000  
465 365 382   11.508000 
466 365 362   24.684000 
467 365 363   4.548000  
468 365 364   3.456000  
469 365 366   7.620000  
470 365 383   3.078000  
471 365 384   4.272000  
472 365 367   8.646000  
473 365 368   23.988000 
474 365 369   12.984000 
475 365 370   18.660000 
476 365 385   2.238000  
477 365 395   2.910000  
478 365 386   5.448000  
479 365 387   5.808000  
480 365 371   4.776000  
481 365 388   4.974000  
482 365 372   1.626000  
483 365 373   5.166000  
484 365 374   2.076000  
485 365 389   3.132000  
486 365 375   1.890000  
487 365 376   8.850000  
488 365 396   11.208000 
489 365 390   14.358000 
490 365 391   9.096000  
491 366 377   7.416000  
492 366 378   6.186000  
493 366 379   16.104000 
494 366 392   11.988000 
495 366 393   7.362000  
496 366 380   6.588000  
497 366 381   4.224000  
498 366 394   4.254000  
499 366 397   4.116000  
500 366 382   8.058000  
501 366 362   18.654000 
502 366 363   3.714000  
503 366 364   3.282000  
504 366 365   7.560000  
505 366 383   2.814000  
506 366 384   4.482000  
507 366 367   11.370000 
508 366 368   27.672000 
509 366 369   17.922000 
510 366 370   23.700000 
511 366 385   2.412000  
512 366 395   3.576000  
513 366 386   6.036000  
514 366 387   6.078000  
515 366 371   4.074000  
516 366 388   4.818000  
517 366 372   1.680000  
518 366 373   3.180000  
519 366 374   1.326000  
520 366 389   2.058000  
521 366 375   1.554000  
522 366 376   6.546000  
523 366 396   7.338000  
524 366 390   12.732000 
525 366 391   7.506000  
526 383 377   3.732000  
527 383 378   3.774000  
528 383 379   7.878000  
529 383 392   5.460000  
530 383 393   4.740000  
531 383 380   3.342000  
532 383 381   1.776000  
533 383 394   2.208000  
534 383 397   2.058000  
535 383 382   4.158000  
536 383 362   8.976000  
537 383 363   2.172000  
538 383 364   1.554000  
539 383 365   3.126000  
540 383 366   2.832000  
541 383 384   1.806000  
542 383 367   5.178000  
543 383 368   12.978000 
544 383 369   6.798000  
545 383 370   10.104000 
546 383 385   1.116000  
547 383 395   1.596000  
548 383 386   2.520000  
549 383 387   2.550000  
550 383 371   1.974000  
551 383 388   2.142000  
552 383 372   0.810000  
553 383 373   1.830000  
554 383 374   0.780000  
555 383 389   1.152000  
556 383 375   0.798000  
557 383 376   3.660000  
558 383 396   4.302000  
559 383 390   6.438000  
560 383 391   3.918000  
561 384 377   5.436000  
562 384 378   5.310000  
563 384 379   11.274000 
564 384 392   6.804000  
565 384 393   7.818000  
566 384 380   5.472000  
567 384 381   2.622000  
568 384 394   2.526000  
569 384 397   2.982000  
570 384 382   5.874000  
571 384 362   12.534000 
572 384 363   3.384000  
573 384 364   2.406000  
574 384 365   4.242000  
575 384 366   4.548000  
576 384 383   1.800000  
577 384 367   6.492000  
578 384 368   18.198000 
579 384 369   8.280000  
580 384 370   12.990000 
581 384 385   1.488000  
582 384 395   2.640000  
583 384 386   3.648000  
584 384 387   3.648000  
585 384 371   2.778000  
586 384 388   3.198000  
587 384 372   1.182000  
588 384 373   2.676000  
589 384 374   1.020000  
590 384 389   1.584000  
591 384 375   1.188000  
592 384 376   5.202000  
593 384 396   6.144000  
594 384 390   9.426000  
595 384 391   6.180000  
596 367 377   8.778000  
597 367 378   6.084000  
598 367 379   11.778000 
599 367 392   9.918000  
600 367 393   17.436000 
601 367 380   14.268000 
602 367 381   7.680000  
603 367 394   5.526000  
604 367 397   3.618000  
605 367 382   14.016000 
606 367 362   29.586000 
607 367 363   4.914000  
608 367 364   4.278000  
609 367 365   8.802000  
610 367 366   11.508000 
611 367 383   5.232000  
612 367 384   6.564000  
613 367 368   16.026000 
614 367 369   16.650000 
615 367 370   14.274000 
616 367 385   1.674000  
617 367 395   2.124000  
618 367 386   4.722000  
619 367 387   6.348000  
620 367 371   6.132000  
621 367 388   3.924000  
622 367 372   1.146000  
623 367 373   7.962000  
624 367 374   2.718000  
625 367 389   4.800000  
626 367 375   2.112000  
627 367 376   9.852000  
628 367 396   15.858000 
629 367 390   13.164000 
630 367 391   9.390000  
631 368 377   16.902000 
632 368 378   7.446000  
633 368 379   14.280000 
634 368 392   15.372000 
635 368 393   37.806000 
636 368 380   29.040000 
637 368 381   17.574000 
638 368 394   10.668000 
639 368 397   5.976000  
640 368 382   30.108000 
641 368 362   65.868000 
642 368 363   9.504000  
643 368 364   11.274000 
644 368 365   24.384000 
645 368 366   28.392000 
646 368 383   13.212000 
647 368 384   18.618000 
648 368 367   16.212000 
649 368 369   36.750000 
650 368 370   18.822000 
651 368 385   1.584000  
652 368 395   3.480000  
653 368 386   6.042000  
654 368 387   11.946000 
655 368 371   13.878000 
656 368 388   7.992000  
657 368 372   2.082000  
658 368 373   21.270000 
659 368 374   5.946000  
660 368 389   10.410000 
661 368 375   3.384000  
662 368 376   17.964000 
663 368 396   30.084000 
664 368 390   19.842000 
665 368 391   16.164000 
666 369 377   12.702000 
667 369 378   11.202000 
668 369 379   21.642000 
669 369 392   15.744000 
670 369 393   24.792000 
671 369 380   19.794000 
672 369 381   9.648000  
673 369 394   7.566000  
674 369 397   6.282000  
675 369 382   20.412000 
676 369 362   47.124000 
677 369 363   9.720000  
678 369 364   7.584000  
679 369 365   13.032000 
680 369 366   18.114000 
681 369 383   6.732000  
682 369 384   8.358000  
683 369 367   16.404000 
684 369 368   36.204000 
685 369 370   22.836000 
686 369 385   3.096000  
687 369 395   5.586000  
688 369 386   7.602000  
689 369 387   8.826000  
690 369 371   8.124000  
691 369 388   7.620000  
692 369 372   2.802000  
693 369 373   10.134000 
694 369 374   4.080000  
695 369 389   5.898000  
696 369 375   3.342000  
697 369 376   13.908000 
698 369 396   22.428000 
699 369 390   18.288000 
700 369 391   14.772000 
701 370 377   12.972000 
702 370 378   5.310000  
703 370 379   9.474000  
704 370 392   12.462000 
705 370 393   32.508000 
706 370 380   25.242000 
707 370 381   15.258000 
708 370 394   9.894000  
709 370 397   5.082000  
710 370 382   27.762000 
711 370 362   61.620000 
712 370 363   7.266000  
713 370 364   9.204000  
714 370 365   19.026000 
715 370 366   24.432000 
716 370 383   10.308000 
717 370 384   13.356000 
718 370 367   14.484000 
719 370 368   18.972000 
720 370 369   23.244000 
721 370 385   0.918000  
722 370 395   2.502000  
723 370 386   3.564000  
724 370 387   8.418000  
725 370 371   10.440000 
726 370 388   6.408000  
727 370 372   2.082000  
728 370 373   17.502000 
729 370 374   7.032000  
730 370 389   9.612000  
731 370 375   3.462000  
732 370 376   16.002000 
733 370 396   28.584000 
734 370 390   12.774000 
735 370 391   11.514000 
736 385 377   1.458000  
737 385 378   0.570000  
738 385 379   0.804000  
739 385 392   2.370000  
740 385 393   5.580000  
741 385 380   3.648000  
742 385 381   2.154000  
743 385 394   1.926000  
744 385 397   0.780000  
745 385 382   4.008000  
746 385 362   8.184000  
747 385 363   0.792000  
748 385 364   1.350000  
749 385 365   3.168000  
750 385 366   3.942000  
751 385 383   1.584000  
752 385 384   2.436000  
753 385 367   2.346000  
754 385 368   2.412000  
755 385 369   4.380000  
756 385 370   1.362000  
757 385 395   2.520000  
758 385 386   5.814000  
759 385 387   16.260000 
760 385 371   21.708000 
761 385 388   11.772000 
762 385 372   3.480000  
763 385 373   28.164000 
764 385 374   12.930000 
765 385 389   18.672000 
766 385 375   4.764000  
767 385 376   2.538000  
768 385 396   3.690000  
769 385 390   1.644000  
770 385 391   1.344000  
771 395 377   2.940000  
772 395 378   1.212000  
773 395 379   1.812000  
774 395 392   3.774000  
775 395 393   8.628000  
776 395 380   6.360000  
777 395 381   3.750000  
778 395 394   3.102000  
779 395 397   1.230000  
780 395 382   7.332000  
781 395 362   14.328000 
782 395 363   1.260000  
783 395 364   1.518000  
784 395 365   4.482000  
785 395 366   5.220000  
786 395 383   2.496000  
787 395 384   3.834000  
788 395 367   3.144000  
789 395 368   4.332000  
790 395 369   8.520000  
791 395 370   2.916000  
792 395 385   2.652000  
793 395 386   15.078000 
794 395 387   33.666000 
795 395 371   38.544000 
796 395 388   15.396000 
797 395 372   5.430000  
798 395 373   51.072000 
799 395 374   25.770000 
800 395 389   31.200000 
801 395 375   11.262000 
802 395 376   5.286000  
803 395 396   7.302000  
804 395 390   3.684000  
805 395 391   2.802000  
806 386 377   6.126000  
807 386 378   1.788000  
808 386 379   3.288000  
809 386 392   5.316000  
810 386 393   12.504000 
811 386 380   8.334000  
812 386 381   4.560000  
813 386 394   3.828000  
814 386 397   1.632000  
815 386 382   8.160000  
816 386 362   15.900000 
817 386 363   2.670000  
818 386 364   3.414000  
819 386 365   7.860000  
820 386 366   9.150000  
821 386 383   3.672000  
822 386 384   5.508000  
823 386 367   6.396000  
824 386 368   7.338000  
825 386 369   10.788000 
826 386 370   4.068000  
827 386 385   6.546000  
828 386 395   15.480000 
829 386 387   46.224000 
830 386 371   58.404000 
831 386 388   35.994000 
832 386 372   12.156000 
833 386 373   84.246000 
834 386 374   36.462000 
835 386 389   54.900000 
836 386 375   16.002000 
837 386 376   6.738000  
838 386 396   9.786000  
839 386 390   4.452000  
840 386 391   3.450000  
841 387 377   4.782000  
842 387 378   3.138000  
843 387 379   6.354000  
844 387 392   6.492000  
845 387 393   11.436000 
846 387 380   8.118000  
847 387 381   4.218000  
848 387 394   3.792000  
849 387 397   1.998000  
850 387 382   7.848000  
851 387 362   14.820000 
852 387 363   3.222000  
853 387 364   3.282000  
854 387 365   7.494000  
855 387 366   8.124000  
856 387 383   3.480000  
857 387 384   4.788000  
858 387 367   7.020000  
859 387 368   10.350000 
860 387 369   10.818000 
861 387 370   6.780000  
862 387 385   18.054000 
863 387 395   38.958000 
864 387 386   51.120000 
865 387 371   75.864000 
866 387 388   52.170000 
867 387 372   21.162000 
868 387 373   65.778000 
869 387 374   33.534000 
870 387 389   45.024000 
871 387 375   21.900000 
872 387 376   5.802000  
873 387 396   7.704000  
874 387 390   5.094000  
875 387 391   3.654000  
876 371 377   4.140000  
877 371 378   2.526000  
878 371 379   5.460000  
879 371 392   3.798000  
880 371 393   6.558000  
881 371 380   5.250000  
882 371 381   2.826000  
883 371 394   1.854000  
884 371 397   1.386000  
885 371 382   4.698000  
886 371 362   9.660000  
887 371 363   2.430000  
888 371 364   2.406000  
889 371 365   5.382000  
890 371 366   4.896000  
891 371 383   2.316000  
892 371 384   3.324000  
893 371 367   5.676000  
894 371 368   10.878000 
895 371 369   8.598000  
896 371 370   7.980000  
897 371 385   26.040000 
898 371 395   43.722000 
899 371 386   68.274000 
900 371 387   81.036000 
901 371 388   42.546000 
902 371 372   15.372000 
903 371 373   76.464000 
904 371 374   17.334000 
905 371 389   33.900000 
906 371 375   22.860000 
907 371 376   4.794000  
908 371 396   6.402000  
909 371 390   5.268000  
910 371 391   3.894000  
911 388 377   4.428000  
912 388 378   1.986000  
913 388 379   3.762000  
914 388 392   4.260000  
915 388 393   9.204000  
916 388 380   6.660000  
917 388 381   3.780000  
918 388 394   2.832000  
919 388 397   1.428000  
920 388 382   6.792000  
921 388 362   13.626000 
922 388 363   2.250000  
923 388 364   2.580000  
924 388 365   6.594000  
925 388 366   6.768000  
926 388 383   2.964000  
927 388 384   4.434000  
928 388 367   4.566000  
929 388 368   7.470000  
930 388 369   9.696000  
931 388 370   5.496000  
932 388 385   13.020000 
933 388 395   17.532000 
934 388 386   39.168000 
935 388 387   50.472000 
936 388 371   39.252000 
937 388 372   9.858000  
938 388 373   65.112000 
939 388 374   26.274000 
940 388 389   35.760000 
941 388 375   18.858000 
942 388 376   5.790000  
943 388 396   8.058000  
944 388 390   4.800000  
945 388 391   3.672000  
946 372 377   1.536000  
947 372 378   0.624000  
948 372 379   1.218000  
949 372 392   1.350000  
950 372 393   3.318000  
951 372 380   2.364000  
952 372 381   1.464000  
953 372 394   0.942000  
954 372 397   0.510000  
955 372 382   2.466000  
956 372 362   5.286000  
957 372 363   0.798000  
958 372 364   0.900000  
959 372 365   2.082000  
960 372 366   2.490000  
961 372 383   1.056000  
962 372 384   1.734000  
963 372 367   1.296000  
964 372 368   2.064000  
965 372 369   3.468000  
966 372 370   1.938000  
967 372 385   4.098000  
968 372 395   5.988000  
969 372 386   13.392000 
970 372 387   21.114000 
971 372 371   13.902000 
972 372 388   10.020000 
973 372 373   29.430000 
974 372 374   6.432000  
975 372 389   13.482000 
976 372 375   5.142000  
977 372 376   1.956000  
978 372 396   3.312000  
979 372 390   1.806000  
980 372 391   1.458000  
981 373 377   2.970000  
982 373 378   2.430000  
983 373 379   5.124000  
984 373 392   2.310000  
985 373 393   4.320000  
986 373 380   3.936000  
987 373 381   2.274000  
988 373 394   0.834000  
989 373 397   0.942000  
990 373 382   2.994000  
991 373 362   7.320000  
992 373 363   2.376000  
993 373 364   2.130000  
994 373 365   4.746000  
995 373 366   3.402000  
996 373 383   1.842000  
997 373 384   2.742000  
998 373 367   6.462000  
999 373 368   15.240000 
1000 373 369  8.826000  
1001 373 370  12.030000 
1002 373 385  31.626000 
1003 373 395  61.290000 
1004 373 386  97.668000 
1005 373 387  75.006000 
1006 373 371  83.070000 
1007 373 388  75.438000 
1008 373 372  32.100000 
1009 373 374  24.372000 
1010 373 389  27.708000 
1011 373 375  25.206000 
1012 373 376  4.248000  
1013 373 396  5.094000  
1014 373 390  7.182000  
1015 373 391  5.460000  
1016 374 377  1.374000  
1017 374 378  1.314000  
1018 374 379  2.916000  
1019 374 392  1.338000  
1020 374 393  1.554000  
1021 374 380  1.548000  
1022 374 381  0.810000  
1023 374 394  0.378000  
1024 374 397  0.600000  
1025 374 382  1.116000  
1026 374 362  2.592000  
1027 374 363  1.044000  
1028 374 364  0.852000  
1029 374 365  1.722000  
1030 374 366  1.146000  
1031 374 383  0.648000  
1032 374 384  0.882000  
1033 374 367  1.980000  
1034 374 368  4.134000  
1035 374 369  3.240000  
1036 374 370  4.932000  
1037 374 385  15.618000 
1038 374 395  29.718000 
1039 374 386  43.836000 
1040 374 387  39.168000 
1041 374 371  19.866000 
1042 374 388  30.510000 
1043 374 372  7.620000  
1044 374 373  25.212000 
1045 374 389  11.622000 
1046 374 375  7.788000  
1047 374 376  1.026000  
1048 374 396  1.260000  
1049 374 390  2.760000  
1050 374 391  1.986000  
1051 389 377  2.058000  
1052 389 378  1.704000  
1053 389 379  3.666000  
1054 389 392  1.872000  
1055 389 393  3.066000  
1056 389 380  2.490000  
1057 389 381  1.446000  
1058 389 394  0.660000  
1059 389 397  0.714000  
1060 389 382  1.980000  
1061 389 362  4.776000  
1062 389 363  1.518000  
1063 389 364  1.338000  
1064 389 365  2.868000  
1065 389 366  2.310000  
1066 389 383  1.152000  
1067 389 384  1.698000  
1068 389 367  3.888000  
1069 389 368  7.548000  
1070 389 369  5.124000  
1071 389 370  6.666000  
1072 389 385  20.952000 
1073 389 395  37.398000 
1074 389 386  63.426000 
1075 389 387  51.024000 
1076 389 371  36.066000 
1077 389 388  41.238000 
1078 389 372  14.586000 
1079 389 373  27.420000 
1080 389 374  10.824000 
1081 389 375  14.454000 
1082 389 376  2.478000  
1083 389 396  3.426000  
1084 389 390  3.858000  
1085 389 391  2.886000  
1086 375 377  1.374000  
1087 375 378  0.660000  
1088 375 379  1.320000  
1089 375 392  1.008000  
1090 375 393  2.748000  
1091 375 380  2.142000  
1092 375 381  1.332000  
1093 375 394  0.618000  
1094 375 397  0.444000  
1095 375 382  2.052000  
1096 375 362  4.662000  
1097 375 363  0.798000  
1098 375 364  0.966000  
1099 375 365  2.292000  
1100 375 366  2.130000  
1101 375 383  1.002000  
1102 375 384  1.620000  
1103 375 367  2.166000  
1104 375 368  2.958000  
1105 375 369  3.846000  
1106 375 370  2.892000  
1107 375 385  5.676000  
1108 375 395  12.648000 
1109 375 386  18.252000 
1110 375 387  22.740000 
1111 375 371  21.594000 
1112 375 388  19.920000 
1113 375 372  5.424000  
1114 375 373  23.424000 
1115 375 374  6.636000  
1116 375 389  13.614000 
1117 375 376  1.674000  
1118 375 396  2.310000  
1119 375 390  2.220000  
1120 375 391  1.692000  
1121 376 377  5.496000  
1122 376 378  5.400000  
1123 376 379  11.004000 
1124 376 392  6.012000  
1125 376 393  8.874000  
1126 376 380  7.896000  
1127 376 381  4.602000  
1128 376 394  2.160000  
1129 376 397  2.502000  
1130 376 382  6.618000  
1131 376 362  16.512000 
1132 376 363  4.620000  
1133 376 364  4.020000  
1134 376 365  8.790000  
1135 376 366  6.570000  
1136 376 383  3.564000  
1137 376 384  5.214000  
1138 376 367  9.624000  
1139 376 368  17.628000 
1140 376 369  13.788000 
1141 376 370  15.672000 
1142 376 385  1.788000  
1143 376 395  3.354000  
1144 376 386  4.668000  
1145 376 387  4.164000  
1146 376 371  4.194000  
1147 376 388  4.038000  
1148 376 372  1.518000  
1149 376 373  3.762000  
1150 376 374  1.308000  
1151 376 389  2.232000  
1152 376 375  1.374000  
1153 376 396  5.880000  
1154 376 390  8.766000  
1155 376 391  5.778000  
1156 396 377  7.200000  
1157 396 378  6.882000  
1158 396 379  14.388000 
1159 396 392  6.558000  
1160 396 393  9.708000  
1161 396 380  9.786000  
1162 396 381  5.412000  
1163 396 394  2.148000  
1164 396 397  3.240000  
1165 396 382  7.638000  
1166 396 362  17.946000 
1167 396 363  5.898000  
1168 396 364  5.076000  
1169 396 365  11.106000 
1170 396 366  7.242000  
1171 396 383  4.254000  
1172 396 384  5.976000  
1173 396 367  15.648000 
1174 396 368  29.256000 
1175 396 369  22.176000 
1176 396 370  27.684000 
1177 396 385  2.244000  
1178 396 395  5.034000  
1179 396 386  6.306000  
1180 396 387  5.766000  
1181 396 371  4.770000  
1182 396 388  5.838000  
1183 396 372  2.124000  
1184 396 373  5.250000  
1185 396 374  1.158000  
1186 396 389  3.342000  
1187 396 375  1.554000  
1188 396 376  5.850000  
1189 396 390  14.328000 
1190 396 391  8.580000  
1191 390 377  6.882000  
1192 390 378  4.638000  
1193 390 379  8.532000  
1194 390 392  7.050000  
1195 390 393  15.612000 
1196 390 380  12.930000 
1197 390 381  8.166000  
1198 390 394  4.314000  
1199 390 397  2.982000  
1200 390 382  13.398000 
1201 390 362  31.008000 
1202 390 363  4.854000  
1203 390 364  5.400000  
1204 390 365  13.482000 
1205 390 366  11.892000 
1206 390 383  5.982000  
1207 390 384  8.802000  
1208 390 367  12.420000 
1209 390 368  19.050000 
1210 390 369  17.238000 
1211 390 370  12.312000 
1212 390 385  1.200000  
1213 390 395  2.538000  
1214 390 386  3.438000  
1215 390 387  4.944000  
1216 390 371  6.258000  
1217 390 388  4.344000  
1218 390 372  1.722000  
1219 390 373  9.246000  
1220 390 374  4.110000  
1221 390 389  4.980000  
1222 390 375  2.370000  
1223 390 376  8.214000  
1224 390 396  13.374000 
1225 390 391  6.372000  
1226 391 377  5.286000  
1227 391 378  3.324000  
1228 391 379  6.354000  
1229 391 392  4.620000  
1230 391 393  11.214000 
1231 391 380  9.660000  
1232 391 381  6.138000  
1233 391 394  2.826000  
1234 391 397  2.196000  
1235 391 382  9.828000  
1236 391 362  22.428000 
1237 391 363  3.600000  
1238 391 364  4.122000  
1239 391 365  10.176000 
1240 391 366  8.634000  
1241 391 383  4.422000  
1242 391 384  7.050000  
1243 391 367  10.146000 
1244 391 368  16.626000 
1245 391 369  16.332000 
1246 391 370  11.640000 
1247 391 385  0.840000  
1248 391 395  2.028000  
1249 391 386  2.454000  
1250 391 387  3.390000  
1251 391 371  4.098000  
1252 391 388  3.150000  
1253 391 372  1.176000  
1254 391 373  6.558000  
1255 391 374  2.562000  
1256 391 389  3.390000  
1257 391 375  1.542000  
1258 391 376  6.552000  
1259 391 396  9.960000  
1260 391 390  7.182000  
