# id node_number1 node_number2 value
1 14546 14547 4.026
2 14546 14548 7.716
3 14546 14549 9.144
4 14546 14550 11.478
5 14546 14551 9.39
6 14546 14552 5.418
7 14546 14553 4.158
8 14546 14554 3.462
9 14546 14555 8.706
10 14546 14556 19.986
11 14546 14557 2.988
12 14546 14558 3.714
13 14546 14559 8.19
14 14546 14560 7.944
15 14546 14561 3.75
16 14546 14562 5.772
17 14546 14563 8.736
18 14546 14564 16.872
19 14546 14565 12.714
20 14546 14566 12.816
21 14546 14567 0.9
22 14546 14568 2.124
23 14546 14569 4.146
24 14546 14570 4.44
25 14546 14571 3.774
26 14546 14572 3.816
27 14546 14573 1.11
28 14546 14574 4.014
29 14546 14575 1.536
30 14546 14576 2.694
31 14546 14577 1.092
32 14546 14578 5.526
33 14546 14579 7.77
34 14546 14580 7.29
35 14546 14581 4.968
36 14547 14546 4.092
37 14547 14548 3.042
38 14547 14549 5.49
39 14547 14550 7.86
40 14547 14551 7.842
41 14547 14552 5.172
42 14547 14553 4.65
43 14547 14554 1.716
44 14547 14555 10.914
45 14547 14556 20.61
46 14547 14557 2.226
47 14547 14558 2.802
48 14547 14559 8.196
49 14547 14560 6.306
50 14547 14561 3.942
51 14547 14562 5.412
52 14547 14563 6.288
53 14547 14564 7.464
54 14547 14565 11.7
55 14547 14566 5.292
56 14547 14567 0.432
57 14547 14568 0.93
58 14547 14569 1.596
59 14547 14570 3.552
60 14547 14571 3.414
61 14547 14572 2.13
62 14547 14573 0.702
63 14547 14574 3.264
64 14547 14575 1.98
65 14547 14576 2.298
66 14547 14577 0.828
67 14547 14578 5.676
68 14547 14579 7.014
69 14547 14580 4.932
70 14547 14581 3.24
71 14548 14546 7.872
72 14548 14547 3.06
73 14548 14549 11.184
74 14548 14550 21.198
75 14548 14551 18.414
76 14548 14552 10.752
77 14548 14553 10.902
78 14548 14554 4.506
79 14548 14555 21.462
80 14548 14556 42.018
81 14548 14557 4.482
82 14548 14558 6.732
83 14548 14559 15.9
84 14548 14560 16.674
85 14548 14561 8.034
86 14548 14562 11.652
87 14548 14563 11.964
88 14548 14564 14.478
89 14548 14565 22.038
90 14548 14566 9.528
91 14548 14567 0.552
92 14548 14568 1.62
93 14548 14569 3
94 14548 14570 8.184
95 14548 14571 7.242
96 14548 14572 4.572
97 14548 14573 1.356
98 14548 14574 7.566
99 14548 14575 4.152
100 14548 14576 5.37
101 14548 14577 1.626
102 14548 14578 11.226
103 14548 14579 14.916
104 14548 14580 8.832
105 14548 14581 6.354
106 14549 14546 9.192
107 14549 14547 5.346
108 14549 14548 11.016
109 14549 14550 15.648
110 14549 14551 14.178
111 14549 14552 7.014
112 14549 14553 5.28
113 14549 14554 3.384
114 14549 14555 15.6
115 14549 14556 28.368
116 14549 14557 5.622
117 14549 14558 5.028
118 14549 14559 11.196
119 14549 14560 12.156
120 14549 14561 5.64
121 14549 14562 6.9
122 14549 14563 10.068
123 14549 14564 15.204
124 14549 14565 16.29
125 14549 14566 12.27
126 14549 14567 1.71
127 14549 14568 2.514
128 14549 14569 4.002
129 14549 14570 5.652
130 14549 14571 4.332
131 14549 14572 3.498
132 14549 14573 1.236
133 14549 14574 2.604
134 14549 14575 1.998
135 14549 14576 2.112
136 14549 14577 1.026
137 14549 14578 6.3
138 14549 14579 6.66
139 14549 14580 7.578
140 14549 14581 4.272
141 14550 14546 10.692
142 14550 14547 7.71
143 14550 14548 20.466
144 14550 14549 15.432
145 14550 14551 10.392
146 14550 14552 6.894
147 14550 14553 5.952
148 14550 14554 5.274
149 14550 14555 11.406
150 14550 14556 28.698
151 14550 14557 6.114
152 14550 14558 5.37
153 14550 14559 13.05
154 14550 14560 7.314
155 14550 14561 4.704
156 14550 14562 7.662
157 14550 14563 17.232
158 14550 14564 36.816
159 14550 14565 24.558
160 14550 14566 31.512
161 14550 14567 3.402
162 14550 14568 5.982
163 14550 14569 8.124
164 14550 14570 8.79
165 14550 14571 5.118
166 14550 14572 6.816
167 14550 14573 2.172
168 14550 14574 4.65
169 14550 14575 1.542
170 14550 14576 3.132
171 14550 14577 1.908
172 14550 14578 8.838
173 14550 14579 9.768
174 14550 14580 16.704
175 14550 14581 9.744
176 14551 14546 9.348
177 14551 14547 7.482
178 14551 14548 18.06
179 14551 14549 13.572
180 14551 14550 10.452
181 14551 14552 4.74
182 14551 14553 5.556
183 14551 14554 4.032
184 14551 14555 8.706
185 14551 14556 21.198
186 14551 14557 5.04
187 14551 14558 4.026
188 14551 14559 8.91
189 14551 14560 6.636
190 14551 14561 3.258
191 14551 14562 5.496
192 14551 14563 13.968
193 14551 14564 28.542
194 14551 14565 19.656
195 14551 14566 24.75
196 14551 14567 2.574
197 14551 14568 4.068
198 14551 14569 5.832
199 14551 14570 6.048
200 14551 14571 4.824
201 14551 14572 4.788
202 14551 14573 1.878
203 14551 14574 3.744
204 14551 14575 2.028
205 14551 14576 2.4
206 14551 14577 1.83
207 14551 14578 7.908
208 14551 14579 9.87
209 14551 14580 13.764
210 14551 14581 8.586
211 14552 14546 5.136
212 14552 14547 5.076
213 14552 14548 10.41
214 14552 14549 6.942
215 14552 14550 7.074
216 14552 14551 4.728
217 14552 14553 2.766
218 14552 14554 3.054
219 14552 14555 4.716
220 14552 14556 9.894
221 14552 14557 3.354
222 14552 14558 2.61
223 14552 14559 5.022
224 14552 14560 4.314
225 14552 14561 1.77
226 14552 14562 2.634
227 14552 14563 7.608
228 14552 14564 17.214
229 14552 14565 9.594
230 14552 14566 14.85
231 14552 14567 1.32
232 14552 14568 2.61
233 14552 14569 2.976
234 14552 14570 3.342
235 14552 14571 2.238
236 14552 14572 2.868
237 14552 14573 0.966
238 14552 14574 2.58
239 14552 14575 0.816
240 14552 14576 1.56
241 14552 14577 0.942
242 14552 14578 4.608
243 14552 14579 5.592
244 14552 14580 8.73
245 14552 14581 5.418
246 14553 14546 4.134
247 14553 14547 4.452
248 14553 14548 10.686
249 14553 14549 5.106
250 14553 14550 5.988
251 14553 14551 5.736
252 14553 14552 2.766
253 14553 14554 1.728
254 14553 14555 5.154
255 14553 14556 10.926
256 14553 14557 3.24
257 14553 14558 2.388
258 14553 14559 4.686
259 14553 14560 4.278
260 14553 14561 2.22
261 14553 14562 2.538
262 14553 14563 5.466
263 14553 14564 10.476
264 14553 14565 7.68
265 14553 14566 9.69
266 14553 14567 1.356
267 14553 14568 1.944
268 14553 14569 2.64
269 14553 14570 2.55
270 14553 14571 1.596
271 14553 14572 1.878
272 14553 14573 0.72
273 14553 14574 0.612
274 14553 14575 0.504
275 14553 14576 0.504
276 14553 14577 0.498
277 14553 14578 2.244
278 14553 14579 2.166
279 14553 14580 4.674
280 14553 14581 2.466
281 14554 14546 3.522
282 14554 14547 1.692
283 14554 14548 4.446
284 14554 14549 3.378
285 14554 14550 5.67
286 14554 14551 4.062
287 14554 14552 3.234
288 14554 14553 1.746
289 14554 14555 4.212
290 14554 14556 12.408
291 14554 14557 1.902
292 14554 14558 2.082
293 14554 14559 4.134
294 14554 14560 4.416
295 14554 14561 2.076
296 14554 14562 3.18
297 14554 14563 3.618
298 14554 14564 6.018
299 14554 14565 6.306
300 14554 14566 5.058
301 14554 14567 0.486
302 14554 14568 0.906
303 14554 14569 1.17
304 14554 14570 2.04
305 14554 14571 1.452
306 14554 14572 1.332
307 14554 14573 0.42
308 14554 14574 1.296
309 14554 14575 0.756
310 14554 14576 0.96
311 14554 14577 0.402
312 14554 14578 2.526
313 14554 14579 3.492
314 14554 14580 3.138
315 14554 14581 2.124
316 14555 14546 8.604
317 14555 14547 10.38
318 14555 14548 21.012
319 14555 14549 14.838
320 14555 14550 11.364
321 14555 14551 8.694
322 14555 14552 4.674
323 14555 14553 4.932
324 14555 14554 4.146
325 14555 14556 15.87
326 14555 14557 7.302
327 14555 14558 5.634
328 14555 14559 11.43
329 14555 14560 8.034
330 14555 14561 4.02
331 14555 14562 5.844
332 14555 14563 13.674
333 14555 14564 29.496
334 14555 14565 20.22
335 14555 14566 27.162
336 14555 14567 2.814
337 14555 14568 4.662
338 14555 14569 5.496
339 14555 14570 5.454
340 14555 14571 3.606
341 14555 14572 4.716
342 14555 14573 1.8
343 14555 14574 2.736
344 14555 14575 1.164
345 14555 14576 1.83
346 14555 14577 1.542
347 14555 14578 6.618
348 14555 14579 7.626
349 14555 14580 14.358
350 14555 14581 8.55
351 14556 14546 18.618
352 14556 14547 20.232
353 14556 14548 40.56
354 14556 14549 28.032
355 14556 14550 28.674
356 14556 14551 21.144
357 14556 14552 9.642
358 14556 14553 10.908
359 14556 14554 11.556
360 14556 14555 15.996
361 14556 14557 14.31
362 14556 14558 12.306
363 14556 14559 24.582
364 14556 14560 18.504
365 14556 14561 8.952
366 14556 14562 12.276
367 14556 14563 29.298
368 14556 14564 64.134
369 14556 14565 46.788
370 14556 14566 59.736
371 14556 14567 4.998
372 14556 14568 9.846
373 14556 14569 10.542
374 14556 14570 11.166
375 14556 14571 8.274
376 14556 14572 9.732
377 14556 14573 3.612
378 14556 14574 6.888
379 14556 14575 3.132
380 14556 14576 4.308
381 14556 14577 3.468
382 14556 14578 16.512
383 14556 14579 18.03
384 14556 14580 33.204
385 14556 14581 19.47
386 14557 14546 3.012
387 14557 14547 2.172
388 14557 14548 4.422
389 14557 14549 5.628
390 14557 14550 6.216
391 14557 14551 5.232
392 14557 14552 3.408
393 14557 14553 3.33
394 14557 14554 1.914
395 14557 14555 7.614
396 14557 14556 14.52
397 14557 14558 1.59
398 14557 14559 4.71
399 14557 14560 3.78
400 14557 14561 2.226
401 14557 14562 3.432
402 14557 14563 4.974
403 14557 14564 9.42
404 14557 14565 10.008
405 14557 14566 7.176
406 14557 14567 0.576
407 14557 14568 0.858
408 14557 14569 2.052
409 14557 14570 2.994
410 14557 14571 2.874
411 14557 14572 1.962
412 14557 14573 0.75
413 14557 14574 2.85
414 14557 14575 1.542
415 14557 14576 1.83
416 14557 14577 0.846
417 14557 14578 4.806
418 14557 14579 6
419 14557 14580 5.178
420 14557 14581 3.372
421 14558 14546 3.624
422 14558 14547 2.766
423 14558 14548 6.558
424 14558 14549 5.01
425 14558 14550 5.598
426 14558 14551 4.044
427 14558 14552 2.676
428 14558 14553 2.4
429 14558 14554 2.004
430 14558 14555 5.718
431 14558 14556 12.834
432 14558 14557 1.578
433 14558 14559 3.48
434 14558 14560 3.408
435 14558 14561 1.56
436 14558 14562 2.478
437 14558 14563 4.26
438 14558 14564 11.142
439 14558 14565 7.596
440 14558 14566 9.024
441 14558 14567 0.834
442 14558 14568 1.074
443 14558 14569 2.346
444 14558 14570 2.88
445 14558 14571 2.34
446 14558 14572 2.094
447 14558 14573 0.672
448 14558 14574 2.538
449 14558 14575 1.074
450 14558 14576 1.542
451 14558 14577 0.81
452 14558 14578 4.05
453 14558 14579 5.328
454 14558 14580 5.73
455 14558 14581 3.786
456 14559 14546 8.166
457 14559 14547 7.824
458 14559 14548 15.6
459 14559 14549 10.764
460 14559 14550 13.152
461 14559 14551 8.946
462 14559 14552 5.04
463 14559 14553 4.578
464 14559 14554 4.11
465 14559 14555 11.508
466 14559 14556 24.684
467 14559 14557 4.548
468 14559 14558 3.456
469 14559 14560 7.62
470 14559 14561 3.078
471 14559 14562 4.272
472 14559 14563 8.646
473 14559 14564 23.988
474 14559 14565 12.984
475 14559 14566 18.66
476 14559 14567 2.238
477 14559 14568 2.91
478 14559 14569 5.448
479 14559 14570 5.808
480 14559 14571 4.776
481 14559 14572 4.974
482 14559 14573 1.626
483 14559 14574 5.166
484 14559 14575 2.076
485 14559 14576 3.132
486 14559 14577 1.89
487 14559 14578 8.85
488 14559 14579 11.208
489 14559 14580 14.358
490 14559 14581 9.096
491 14560 14546 7.416
492 14560 14547 6.186
493 14560 14548 16.104
494 14560 14549 11.988
495 14560 14550 7.362
496 14560 14551 6.588
497 14560 14552 4.224
498 14560 14553 4.254
499 14560 14554 4.116
500 14560 14555 8.058
501 14560 14556 18.654
502 14560 14557 3.714
503 14560 14558 3.282
504 14560 14559 7.56
505 14560 14561 2.814
506 14560 14562 4.482
507 14560 14563 11.37
508 14560 14564 27.672
509 14560 14565 17.922
510 14560 14566 23.7
511 14560 14567 2.412
512 14560 14568 3.576
513 14560 14569 6.036
514 14560 14570 6.078
515 14560 14571 4.074
516 14560 14572 4.818
517 14560 14573 1.68
518 14560 14574 3.18
519 14560 14575 1.326
520 14560 14576 2.058
521 14560 14577 1.554
522 14560 14578 6.546
523 14560 14579 7.338
524 14560 14580 12.732
525 14560 14581 7.506
526 14561 14546 3.732
527 14561 14547 3.774
528 14561 14548 7.878
529 14561 14549 5.46
530 14561 14550 4.74
531 14561 14551 3.342
532 14561 14552 1.776
533 14561 14553 2.208
534 14561 14554 2.058
535 14561 14555 4.158
536 14561 14556 8.976
537 14561 14557 2.172
538 14561 14558 1.554
539 14561 14559 3.126
540 14561 14560 2.832
541 14561 14562 1.806
542 14561 14563 5.178
543 14561 14564 12.978
544 14561 14565 6.798
545 14561 14566 10.104
546 14561 14567 1.116
547 14561 14568 1.596
548 14561 14569 2.52
549 14561 14570 2.55
550 14561 14571 1.974
551 14561 14572 2.142
552 14561 14573 0.81
553 14561 14574 1.83
554 14561 14575 0.78
555 14561 14576 1.152
556 14561 14577 0.798
557 14561 14578 3.66
558 14561 14579 4.302
559 14561 14580 6.438
560 14561 14581 3.918
561 14562 14546 5.436
562 14562 14547 5.31
563 14562 14548 11.274
564 14562 14549 6.804
565 14562 14550 7.818
566 14562 14551 5.472
567 14562 14552 2.622
568 14562 14553 2.526
569 14562 14554 2.982
570 14562 14555 5.874
571 14562 14556 12.534
572 14562 14557 3.384
573 14562 14558 2.406
574 14562 14559 4.242
575 14562 14560 4.548
576 14562 14561 1.8
577 14562 14563 6.492
578 14562 14564 18.198
579 14562 14565 8.28
580 14562 14566 12.99
581 14562 14567 1.488
582 14562 14568 2.64
583 14562 14569 3.648
584 14562 14570 3.648
585 14562 14571 2.778
586 14562 14572 3.198
587 14562 14573 1.182
588 14562 14574 2.676
589 14562 14575 1.02
590 14562 14576 1.584
591 14562 14577 1.188
592 14562 14578 5.202
593 14562 14579 6.144
594 14562 14580 9.426
595 14562 14581 6.18
596 14563 14546 8.778
597 14563 14547 6.084
598 14563 14548 11.778
599 14563 14549 9.918
600 14563 14550 17.436
601 14563 14551 14.268
602 14563 14552 7.68
603 14563 14553 5.526
604 14563 14554 3.618
605 14563 14555 14.016
606 14563 14556 29.586
607 14563 14557 4.914
608 14563 14558 4.278
609 14563 14559 8.802
610 14563 14560 11.508
611 14563 14561 5.232
612 14563 14562 6.564
613 14563 14564 16.026
614 14563 14565 16.65
615 14563 14566 14.274
616 14563 14567 1.674
617 14563 14568 2.124
618 14563 14569 4.722
619 14563 14570 6.348
620 14563 14571 6.132
621 14563 14572 3.924
622 14563 14573 1.146
623 14563 14574 7.962
624 14563 14575 2.718
625 14563 14576 4.8
626 14563 14577 2.112
627 14563 14578 9.852
628 14563 14579 15.858
629 14563 14580 13.164
630 14563 14581 9.39
631 14564 14546 16.902
632 14564 14547 7.446
633 14564 14548 14.28
634 14564 14549 15.372
635 14564 14550 37.806
636 14564 14551 29.04
637 14564 14552 17.574
638 14564 14553 10.668
639 14564 14554 5.976
640 14564 14555 30.108
641 14564 14556 65.868
642 14564 14557 9.504
643 14564 14558 11.274
644 14564 14559 24.384
645 14564 14560 28.392
646 14564 14561 13.212
647 14564 14562 18.618
648 14564 14563 16.212
649 14564 14565 36.75
650 14564 14566 18.822
651 14564 14567 1.584
652 14564 14568 3.48
653 14564 14569 6.042
654 14564 14570 11.946
655 14564 14571 13.878
656 14564 14572 7.992
657 14564 14573 2.082
658 14564 14574 21.27
659 14564 14575 5.946
660 14564 14576 10.41
661 14564 14577 3.384
662 14564 14578 17.964
663 14564 14579 30.084
664 14564 14580 19.842
665 14564 14581 16.164
666 14565 14546 12.702
667 14565 14547 11.202
668 14565 14548 21.642
669 14565 14549 15.744
670 14565 14550 24.792
671 14565 14551 19.794
672 14565 14552 9.648
673 14565 14553 7.566
674 14565 14554 6.282
675 14565 14555 20.412
676 14565 14556 47.124
677 14565 14557 9.72
678 14565 14558 7.584
679 14565 14559 13.032
680 14565 14560 18.114
681 14565 14561 6.732
682 14565 14562 8.358
683 14565 14563 16.404
684 14565 14564 36.204
685 14565 14566 22.836
686 14565 14567 3.096
687 14565 14568 5.586
688 14565 14569 7.602
689 14565 14570 8.826
690 14565 14571 8.124
691 14565 14572 7.62
692 14565 14573 2.802
693 14565 14574 10.134
694 14565 14575 4.08
695 14565 14576 5.898
696 14565 14577 3.342
697 14565 14578 13.908
698 14565 14579 22.428
699 14565 14580 18.288
700 14565 14581 14.772
701 14566 14546 12.972
702 14566 14547 5.31
703 14566 14548 9.474
704 14566 14549 12.462
705 14566 14550 32.508
706 14566 14551 25.242
707 14566 14552 15.258
708 14566 14553 9.894
709 14566 14554 5.082
710 14566 14555 27.762
711 14566 14556 61.62
712 14566 14557 7.266
713 14566 14558 9.204
714 14566 14559 19.026
715 14566 14560 24.432
716 14566 14561 10.308
717 14566 14562 13.356
718 14566 14563 14.484
719 14566 14564 18.972
720 14566 14565 23.244
721 14566 14567 0.918
722 14566 14568 2.502
723 14566 14569 3.564
724 14566 14570 8.418
725 14566 14571 10.44
726 14566 14572 6.408
727 14566 14573 2.082
728 14566 14574 17.502
729 14566 14575 7.032
730 14566 14576 9.612
731 14566 14577 3.462
732 14566 14578 16.002
733 14566 14579 28.584
734 14566 14580 12.774
735 14566 14581 11.514
736 14567 14546 1.458
737 14567 14547 0.57
738 14567 14548 0.804
739 14567 14549 2.37
740 14567 14550 5.58
741 14567 14551 3.648
742 14567 14552 2.154
743 14567 14553 1.926
744 14567 14554 0.78
745 14567 14555 4.008
746 14567 14556 8.184
747 14567 14557 0.792
748 14567 14558 1.35
749 14567 14559 3.168
750 14567 14560 3.942
751 14567 14561 1.584
752 14567 14562 2.436
753 14567 14563 2.346
754 14567 14564 2.412
755 14567 14565 4.38
756 14567 14566 1.362
757 14567 14568 2.52
758 14567 14569 5.814
759 14567 14570 16.26
760 14567 14571 21.708
761 14567 14572 11.772
762 14567 14573 3.48
763 14567 14574 28.164
764 14567 14575 12.93
765 14567 14576 18.672
766 14567 14577 4.764
767 14567 14578 2.538
768 14567 14579 3.69
769 14567 14580 1.644
770 14567 14581 1.344
771 14568 14546 2.94
772 14568 14547 1.212
773 14568 14548 1.812
774 14568 14549 3.774
775 14568 14550 8.628
776 14568 14551 6.36
777 14568 14552 3.75
778 14568 14553 3.102
779 14568 14554 1.23
780 14568 14555 7.332
781 14568 14556 14.328
782 14568 14557 1.26
783 14568 14558 1.518
784 14568 14559 4.482
785 14568 14560 5.22
786 14568 14561 2.496
787 14568 14562 3.834
788 14568 14563 3.144
789 14568 14564 4.332
790 14568 14565 8.52
791 14568 14566 2.916
792 14568 14567 2.652
793 14568 14569 15.078
794 14568 14570 33.666
795 14568 14571 38.544
796 14568 14572 15.396
797 14568 14573 5.43
798 14568 14574 51.072
799 14568 14575 25.77
800 14568 14576 31.2
801 14568 14577 11.262
802 14568 14578 5.286
803 14568 14579 7.302
804 14568 14580 3.684
805 14568 14581 2.802
806 14569 14546 6.126
807 14569 14547 1.788
808 14569 14548 3.288
809 14569 14549 5.316
810 14569 14550 12.504
811 14569 14551 8.334
812 14569 14552 4.56
813 14569 14553 3.828
814 14569 14554 1.632
815 14569 14555 8.16
816 14569 14556 15.9
817 14569 14557 2.67
818 14569 14558 3.414
819 14569 14559 7.86
820 14569 14560 9.15
821 14569 14561 3.672
822 14569 14562 5.508
823 14569 14563 6.396
824 14569 14564 7.338
825 14569 14565 10.788
826 14569 14566 4.068
827 14569 14567 6.546
828 14569 14568 15.48
829 14569 14570 46.224
830 14569 14571 58.404
831 14569 14572 35.994
832 14569 14573 12.156
833 14569 14574 84.246
834 14569 14575 36.462
835 14569 14576 54.9
836 14569 14577 16.002
837 14569 14578 6.738
838 14569 14579 9.786
839 14569 14580 4.452
840 14569 14581 3.45
841 14570 14546 4.782
842 14570 14547 3.138
843 14570 14548 6.354
844 14570 14549 6.492
845 14570 14550 11.436
846 14570 14551 8.118
847 14570 14552 4.218
848 14570 14553 3.792
849 14570 14554 1.998
850 14570 14555 7.848
851 14570 14556 14.82
852 14570 14557 3.222
853 14570 14558 3.282
854 14570 14559 7.494
855 14570 14560 8.124
856 14570 14561 3.48
857 14570 14562 4.788
858 14570 14563 7.02
859 14570 14564 10.35
860 14570 14565 10.818
861 14570 14566 6.78
862 14570 14567 18.054
863 14570 14568 38.958
864 14570 14569 51.12
865 14570 14571 75.864
866 14570 14572 52.17
867 14570 14573 21.162
868 14570 14574 65.778
869 14570 14575 33.534
870 14570 14576 45.024
871 14570 14577 21.9
872 14570 14578 5.802
873 14570 14579 7.704
874 14570 14580 5.094
875 14570 14581 3.654
876 14571 14546 4.14
877 14571 14547 2.526
878 14571 14548 5.46
879 14571 14549 3.798
880 14571 14550 6.558
881 14571 14551 5.25
882 14571 14552 2.826
883 14571 14553 1.854
884 14571 14554 1.386
885 14571 14555 4.698
886 14571 14556 9.66
887 14571 14557 2.43
888 14571 14558 2.406
889 14571 14559 5.382
890 14571 14560 4.896
891 14571 14561 2.316
892 14571 14562 3.324
893 14571 14563 5.676
894 14571 14564 10.878
895 14571 14565 8.598
896 14571 14566 7.98
897 14571 14567 26.04
898 14571 14568 43.722
899 14571 14569 68.274
900 14571 14570 81.036
901 14571 14572 42.546
902 14571 14573 15.372
903 14571 14574 76.464
904 14571 14575 17.334
905 14571 14576 33.9
906 14571 14577 22.86
907 14571 14578 4.794
908 14571 14579 6.402
909 14571 14580 5.268
910 14571 14581 3.894
911 14572 14546 4.428
912 14572 14547 1.986
913 14572 14548 3.762
914 14572 14549 4.26
915 14572 14550 9.204
916 14572 14551 6.66
917 14572 14552 3.78
918 14572 14553 2.832
919 14572 14554 1.428
920 14572 14555 6.792
921 14572 14556 13.626
922 14572 14557 2.25
923 14572 14558 2.58
924 14572 14559 6.594
925 14572 14560 6.768
926 14572 14561 2.964
927 14572 14562 4.434
928 14572 14563 4.566
929 14572 14564 7.47
930 14572 14565 9.696
931 14572 14566 5.496
932 14572 14567 13.02
933 14572 14568 17.532
934 14572 14569 39.168
935 14572 14570 50.472
936 14572 14571 39.252
937 14572 14573 9.858
938 14572 14574 65.112
939 14572 14575 26.274
940 14572 14576 35.76
941 14572 14577 18.858
942 14572 14578 5.79
943 14572 14579 8.058
944 14572 14580 4.8
945 14572 14581 3.672
946 14573 14546 1.536
947 14573 14547 0.624
948 14573 14548 1.218
949 14573 14549 1.35
950 14573 14550 3.318
951 14573 14551 2.364
952 14573 14552 1.464
953 14573 14553 0.942
954 14573 14554 0.51
955 14573 14555 2.466
956 14573 14556 5.286
957 14573 14557 0.798
958 14573 14558 0.9
959 14573 14559 2.082
960 14573 14560 2.49
961 14573 14561 1.056
962 14573 14562 1.734
963 14573 14563 1.296
964 14573 14564 2.064
965 14573 14565 3.468
966 14573 14566 1.938
967 14573 14567 4.098
968 14573 14568 5.988
969 14573 14569 13.392
970 14573 14570 21.114
971 14573 14571 13.902
972 14573 14572 10.02
973 14573 14574 29.43
974 14573 14575 6.432
975 14573 14576 13.482
976 14573 14577 5.142
977 14573 14578 1.956
978 14573 14579 3.312
979 14573 14580 1.806
980 14573 14581 1.458
981 14574 14546 2.97
982 14574 14547 2.43
983 14574 14548 5.124
984 14574 14549 2.31
985 14574 14550 4.32
986 14574 14551 3.936
987 14574 14552 2.274
988 14574 14553 0.834
989 14574 14554 0.942
990 14574 14555 2.994
991 14574 14556 7.32
992 14574 14557 2.376
993 14574 14558 2.13
994 14574 14559 4.746
995 14574 14560 3.402
996 14574 14561 1.842
997 14574 14562 2.742
998 14574 14563 6.462
999 14574 14564 15.24
1000 14574 14565 8.826
1001 14574 14566 12.03
1002 14574 14567 31.626
1003 14574 14568 61.29
1004 14574 14569 97.668
1005 14574 14570 75.006
1006 14574 14571 83.07
1007 14574 14572 75.438
1008 14574 14573 32.1
1009 14574 14575 24.372
1010 14574 14576 27.708
1011 14574 14577 25.206
1012 14574 14578 4.248
1013 14574 14579 5.094
1014 14574 14580 7.182
1015 14574 14581 5.46
1016 14575 14546 1.374
1017 14575 14547 1.314
1018 14575 14548 2.916
1019 14575 14549 1.338
1020 14575 14550 1.554
1021 14575 14551 1.548
1022 14575 14552 0.81
1023 14575 14553 0.378
1024 14575 14554 0.6
1025 14575 14555 1.116
1026 14575 14556 2.592
1027 14575 14557 1.044
1028 14575 14558 0.852
1029 14575 14559 1.722
1030 14575 14560 1.146
1031 14575 14561 0.648
1032 14575 14562 0.882
1033 14575 14563 1.98
1034 14575 14564 4.134
1035 14575 14565 3.24
1036 14575 14566 4.932
1037 14575 14567 15.618
1038 14575 14568 29.718
1039 14575 14569 43.836
1040 14575 14570 39.168
1041 14575 14571 19.866
1042 14575 14572 30.51
1043 14575 14573 7.62
1044 14575 14574 25.212
1045 14575 14576 11.622
1046 14575 14577 7.788
1047 14575 14578 1.026
1048 14575 14579 1.26
1049 14575 14580 2.76
1050 14575 14581 1.986
1051 14576 14546 2.058
1052 14576 14547 1.704
1053 14576 14548 3.666
1054 14576 14549 1.872
1055 14576 14550 3.066
1056 14576 14551 2.49
1057 14576 14552 1.446
1058 14576 14553 0.66
1059 14576 14554 0.714
1060 14576 14555 1.98
1061 14576 14556 4.776
1062 14576 14557 1.518
1063 14576 14558 1.338
1064 14576 14559 2.868
1065 14576 14560 2.31
1066 14576 14561 1.152
1067 14576 14562 1.698
1068 14576 14563 3.888
1069 14576 14564 7.548
1070 14576 14565 5.124
1071 14576 14566 6.666
1072 14576 14567 20.952
1073 14576 14568 37.398
1074 14576 14569 63.426
1075 14576 14570 51.024
1076 14576 14571 36.066
1077 14576 14572 41.238
1078 14576 14573 14.586
1079 14576 14574 27.42
1080 14576 14575 10.824
1081 14576 14577 14.454
1082 14576 14578 2.478
1083 14576 14579 3.426
1084 14576 14580 3.858
1085 14576 14581 2.886
1086 14577 14546 1.374
1087 14577 14547 0.66
1088 14577 14548 1.32
1089 14577 14549 1.008
1090 14577 14550 2.748
1091 14577 14551 2.142
1092 14577 14552 1.332
1093 14577 14553 0.618
1094 14577 14554 0.444
1095 14577 14555 2.052
1096 14577 14556 4.662
1097 14577 14557 0.798
1098 14577 14558 0.966
1099 14577 14559 2.292
1100 14577 14560 2.13
1101 14577 14561 1.002
1102 14577 14562 1.62
1103 14577 14563 2.166
1104 14577 14564 2.958
1105 14577 14565 3.846
1106 14577 14566 2.892
1107 14577 14567 5.676
1108 14577 14568 12.648
1109 14577 14569 18.252
1110 14577 14570 22.74
1111 14577 14571 21.594
1112 14577 14572 19.92
1113 14577 14573 5.424
1114 14577 14574 23.424
1115 14577 14575 6.636
1116 14577 14576 13.614
1117 14577 14578 1.674
1118 14577 14579 2.31
1119 14577 14580 2.22
1120 14577 14581 1.692
1121 14578 14546 5.496
1122 14578 14547 5.4
1123 14578 14548 11.004
1124 14578 14549 6.012
1125 14578 14550 8.874
1126 14578 14551 7.896
1127 14578 14552 4.602
1128 14578 14553 2.16
1129 14578 14554 2.502
1130 14578 14555 6.618
1131 14578 14556 16.512
1132 14578 14557 4.62
1133 14578 14558 4.02
1134 14578 14559 8.79
1135 14578 14560 6.57
1136 14578 14561 3.564
1137 14578 14562 5.214
1138 14578 14563 9.624
1139 14578 14564 17.628
1140 14578 14565 13.788
1141 14578 14566 15.672
1142 14578 14567 1.788
1143 14578 14568 3.354
1144 14578 14569 4.668
1145 14578 14570 4.164
1146 14578 14571 4.194
1147 14578 14572 4.038
1148 14578 14573 1.518
1149 14578 14574 3.762
1150 14578 14575 1.308
1151 14578 14576 2.232
1152 14578 14577 1.374
1153 14578 14579 5.88
1154 14578 14580 8.766
1155 14578 14581 5.778
1156 14579 14546 7.2
1157 14579 14547 6.882
1158 14579 14548 14.388
1159 14579 14549 6.558
1160 14579 14550 9.708
1161 14579 14551 9.786
1162 14579 14552 5.412
1163 14579 14553 2.148
1164 14579 14554 3.24
1165 14579 14555 7.638
1166 14579 14556 17.946
1167 14579 14557 5.898
1168 14579 14558 5.076
1169 14579 14559 11.106
1170 14579 14560 7.242
1171 14579 14561 4.254
1172 14579 14562 5.976
1173 14579 14563 15.648
1174 14579 14564 29.256
1175 14579 14565 22.176
1176 14579 14566 27.684
1177 14579 14567 2.244
1178 14579 14568 5.034
1179 14579 14569 6.306
1180 14579 14570 5.766
1181 14579 14571 4.77
1182 14579 14572 5.838
1183 14579 14573 2.124
1184 14579 14574 5.25
1185 14579 14575 1.158
1186 14579 14576 3.342
1187 14579 14577 1.554
1188 14579 14578 5.85
1189 14579 14580 14.328
1190 14579 14581 8.58
1191 14580 14546 6.882
1192 14580 14547 4.638
1193 14580 14548 8.532
1194 14580 14549 7.05
1195 14580 14550 15.612
1196 14580 14551 12.93
1197 14580 14552 8.166
1198 14580 14553 4.314
1199 14580 14554 2.982
1200 14580 14555 13.398
1201 14580 14556 31.008
1202 14580 14557 4.854
1203 14580 14558 5.4
1204 14580 14559 13.482
1205 14580 14560 11.892
1206 14580 14561 5.982
1207 14580 14562 8.802
1208 14580 14563 12.42
1209 14580 14564 19.05
1210 14580 14565 17.238
1211 14580 14566 12.312
1212 14580 14567 1.2
1213 14580 14568 2.538
1214 14580 14569 3.438
1215 14580 14570 4.944
1216 14580 14571 6.258
1217 14580 14572 4.344
1218 14580 14573 1.722
1219 14580 14574 9.246
1220 14580 14575 4.11
1221 14580 14576 4.98
1222 14580 14577 2.37
1223 14580 14578 8.214
1224 14580 14579 13.374
1225 14580 14581 6.372
1226 14581 14546 5.286
1227 14581 14547 3.324
1228 14581 14548 6.354
1229 14581 14549 4.62
1230 14581 14550 11.214
1231 14581 14551 9.66
1232 14581 14552 6.138
1233 14581 14553 2.826
1234 14581 14554 2.196
1235 14581 14555 9.828
1236 14581 14556 22.428
1237 14581 14557 3.6
1238 14581 14558 4.122
1239 14581 14559 10.176
1240 14581 14560 8.634
1241 14581 14561 4.422
1242 14581 14562 7.05
1243 14581 14563 10.146
1244 14581 14564 16.626
1245 14581 14565 16.332
1246 14581 14566 11.64
1247 14581 14567 0.84
1248 14581 14568 2.028
1249 14581 14569 2.454
1250 14581 14570 3.39
1251 14581 14571 4.098
1252 14581 14572 3.15
1253 14581 14573 1.176
1254 14581 14574 6.558
1255 14581 14575 2.562
1256 14581 14576 3.39
1257 14581 14577 1.542
1258 14581 14578 6.552
1259 14581 14579 9.96
1260 14581 14580 7.182
